6 10 2 4 3 171 65 342 125 10 11
13 7 0 0 21 16 0 0 21 21 0 0 0 0 7 6 0 0 9 8 0 0 5 6 
0 2 4 0 4 2 0 0 1 0 1 4 5 1 3 0 2 0 3 2 2 2 0 0 1 0 0 0 5 5 0 1 0 5 0 3 5 4 0 3 
0 1 1 1 0 0 0 1 1 1 0 0 1 1 0 0 1 1 1 1 1 0 1 1 1 1 0 1 0 0 0 1 0 1 1 1 1 0 0 0 1 0 1 0 1 1 0 1 0 1 0 0 1 1 1 1 1 0 1 1 
1 1 1 1 1 1 1 1 1 1 1 1 1 1 1 1 1 1 1 1 1 1 1 1 1 1 1 1 1 1 1 1 1 1 1 1 1 1 1 1 1 1 1 1 1 1 1 1 1 1 1 1 1 1 1 1 1 1 1 1 1 1 1 1 1 1 1 1 1 1 1 1 1 1 1 1 1 1 1 1 1 1 1 1 1 1 1 1 1 1 1 1 1 1 1 1 1 1 1 1 
0 0 10 10 7 10 0 0 9 10 4 8 0 0 0 0 10 10 0 0 1 5 4 6 5 6 1 4 5 5 0 0 3 7 0 0 4 9 3 9 5 8 3 6 0 0 0 0 4 8 0 0 0 0 0 0 10 10 2 5 0 0 6 10 0 0 5 10 0 0 8 10 3 4 6 9 0 0 2 7 
3 10 7 6 
0.0 95.0 45.0 57.0 19.0 52.0 48.0 74.0 55.0 54.0 104.0 92.0 56.0 34.0 36.0 45.0 99.0 85.0 48.0 74.0 95.0 0.0 69.0 42.0 79.0 56.0 94.0 24.0 92.0 57.0 67.0 81.0 51.0 89.0 60.0 67.0 75.0 69.0 94.0 24.0 45.0 69.0 0.0 48.0 29.0 14.0 25.0 47.0 25.0 13.0 60.0 48.0 19.0 21.0 34.0 4.0 55.0 40.0 25.0 47.0 57.0 42.0 48.0 0.0 43.0 39.0 71.0 27.0 73.0 41.0 81.0 83.0 36.0 62.0 22.0 45.0 83.0 72.0 71.0 27.0 19.0 79.0 29.0 43.0 0.0 34.0 39.0 57.0 44.0 36.0 87.0 76.0 37.0 26.0 22.0 28.0 83.0 68.0 39.0 57.0 52.0 56.0 14.0 39.0 34.0 0.0 39.0 33.0 37.0 4.0 54.0 48.0 5.0 35.0 30.0 12.0 51.0 38.0 39.0 33.0 48.0 94.0 25.0 71.0 39.0 39.0 0.0 71.0 9.0 37.0 72.0 52.0 44.0 14.0 54.0 28.0 62.0 50.0 0.0 71.0 74.0 24.0 47.0 27.0 57.0 33.0 71.0 0.0 70.0 35.0 58.0 66.0 28.0 66.0 40.0 44.0 62.0 54.0 71.0 0.0 55.0 92.0 25.0 73.0 44.0 37.0 9.0 70.0 0.0 35.0 65.0 44.0 42.0 21.0 57.0 28.0 55.0 43.0 9.0 70.0 54.0 57.0 13.0 41.0 36.0 4.0 37.0 35.0 35.0 0.0 51.0 45.0 7.0 34.0 33.0 12.0 49.0 35.0 37.0 35.0 104.0 67.0 60.0 81.0 87.0 54.0 72.0 58.0 65.0 51.0 0.0 26.0 52.0 77.0 82.0 60.0 13.0 22.0 72.0 58.0 92.0 81.0 48.0 83.0 76.0 48.0 52.0 66.0 44.0 45.0 26.0 0.0 49.0 60.0 78.0 49.0 13.0 12.0 52.0 66.0 56.0 51.0 19.0 36.0 37.0 5.0 44.0 28.0 42.0 7.0 52.0 49.0 0.0 39.0 30.0 17.0 51.0 38.0 44.0 28.0 34.0 89.0 21.0 62.0 26.0 35.0 14.0 66.0 21.0 34.0 77.0 60.0 39.0 0.0 42.0 23.0 70.0 56.0 14.0 66.0 36.0 60.0 34.0 22.0 22.0 30.0 54.0 40.0 57.0 33.0 82.0 78.0 30.0 42.0 0.0 31.0 81.0 67.0 54.0 40.0 45.0 67.0 4.0 45.0 28.0 12.0 28.0 44.0 28.0 12.0 60.0 49.0 17.0 23.0 31.0 0.0 55.0 41.0 28.0 44.0 99.0 75.0 55.0 83.0 83.0 51.0 62.0 62.0 55.0 49.0 13.0 13.0 51.0 70.0 81.0 55.0 0.0 15.0 62.0 62.0 85.0 69.0 40.0 72.0 68.0 38.0 50.0 54.0 43.0 35.0 22.0 12.0 38.0 56.0 67.0 41.0 15.0 0.0 50.0 54.0 48.0 94.0 25.0 71.0 39.0 39.0 0.0 71.0 9.0 37.0 72.0 52.0 44.0 14.0 54.0 28.0 62.0 50.0 0.0 71.0 74.0 24.0 47.0 27.0 57.0 33.0 71.0 0.0 70.0 35.0 58.0 66.0 28.0 66.0 40.0 44.0 62.0 54.0 71.0 0.0 
14 7 3 3 
2 34 94 12 41 56 53 10 20 37 52 48 25 75 75 25 32 79 53 51 96 78 74 90 56 45 21 62 36 23 42 53 86 86 74 78 25 75 75 25 