6 10 2 4 3 190 65 380 125 10 11
11 9 0 0 11 5 0 0 14 9 0 0 0 0 7 12 0 0 9 9 0 0 13 14 
5 0 3 4 2 0 3 0 3 1 0 3 0 1 0 3 5 0 2 0 1 0 0 1 0 3 0 0 5 0 4 0 1 0 0 5 0 5 4 5 
1 0 1 1 0 1 0 1 0 1 0 0 0 1 1 1 0 1 0 0 0 0 1 0 0 1 1 1 0 0 0 1 0 1 0 1 1 0 1 1 0 0 1 1 1 1 0 1 1 1 0 0 0 0 1 1 0 0 1 0 
1 1 1 1 1 1 1 1 1 1 1 1 1 1 1 1 1 1 1 1 1 1 1 1 1 1 1 1 1 1 1 1 1 1 1 1 1 1 1 1 1 1 1 1 1 1 1 1 1 1 1 1 1 1 1 1 1 1 1 1 1 1 1 1 1 1 1 1 1 1 1 1 1 1 1 1 1 1 1 1 1 1 1 1 1 1 1 1 1 1 1 1 1 1 1 1 1 1 1 1 
1 3 0 0 8 8 10 10 9 10 0 0 1 4 0 0 8 9 3 3 0 0 10 10 0 0 8 9 0 0 4 10 5 9 0 0 10 10 0 0 7 9 0 0 0 0 3 7 0 0 6 8 0 0 0 0 1 6 0 0 10 10 0 0 3 3 0 0 0 0 9 10 0 0 4 4 10 10 10 10 
7 7 3 9 
0.0 48.0 70.0 50.0 74.0 13.0 68.0 41.0 33.0 85.0 9.0 20.0 85.0 73.0 87.0 55.0 59.0 68.0 68.0 41.0 48.0 0.0 100.0 32.0 60.0 60.0 87.0 17.0 38.0 60.0 56.0 67.0 112.0 48.0 79.0 8.0 14.0 73.0 87.0 17.0 70.0 100.0 0.0 77.0 76.0 61.0 23.0 85.0 63.0 95.0 63.0 66.0 16.0 89.0 72.0 107.0 104.0 48.0 23.0 85.0 50.0 32.0 77.0 0.0 30.0 57.0 60.0 17.0 20.0 36.0 54.0 68.0 86.0 24.0 48.0 36.0 29.0 42.0 60.0 17.0 74.0 60.0 76.0 30.0 0.0 78.0 54.0 47.0 42.0 20.0 76.0 89.0 80.0 18.0 19.0 62.0 53.0 29.0 54.0 47.0 13.0 60.0 61.0 57.0 78.0 0.0 63.0 51.0 38.0 92.0 4.0 11.0 76.0 80.0 89.0 67.0 70.0 67.0 63.0 51.0 68.0 87.0 23.0 60.0 54.0 63.0 0.0 71.0 50.0 73.0 63.0 71.0 27.0 68.0 50.0 93.0 89.0 25.0 0.0 71.0 41.0 17.0 85.0 17.0 47.0 51.0 71.0 0.0 22.0 51.0 47.0 60.0 96.0 38.0 65.0 23.0 21.0 56.0 71.0 0.0 33.0 38.0 63.0 20.0 42.0 38.0 50.0 22.0 0.0 54.0 35.0 49.0 74.0 42.0 56.0 44.0 42.0 40.0 50.0 22.0 85.0 60.0 95.0 36.0 20.0 92.0 73.0 51.0 54.0 0.0 88.0 102.0 99.0 13.0 32.0 60.0 50.0 48.0 73.0 51.0 9.0 56.0 63.0 54.0 76.0 4.0 63.0 47.0 35.0 88.0 0.0 14.0 78.0 77.0 87.0 63.0 66.0 66.0 63.0 47.0 20.0 67.0 66.0 68.0 89.0 11.0 71.0 60.0 49.0 102.0 14.0 0.0 82.0 90.0 100.0 74.0 78.0 77.0 71.0 60.0 85.0 112.0 16.0 86.0 80.0 76.0 27.0 96.0 74.0 99.0 78.0 82.0 0.0 95.0 73.0 118.0 114.0 51.0 27.0 96.0 73.0 48.0 89.0 24.0 18.0 80.0 68.0 38.0 42.0 13.0 77.0 90.0 95.0 0.0 36.0 49.0 39.0 45.0 68.0 38.0 87.0 79.0 72.0 48.0 19.0 89.0 50.0 65.0 56.0 32.0 87.0 100.0 73.0 36.0 0.0 81.0 72.0 27.0 50.0 65.0 55.0 8.0 107.0 36.0 62.0 67.0 93.0 23.0 44.0 60.0 63.0 74.0 118.0 49.0 81.0 0.0 11.0 77.0 93.0 23.0 59.0 14.0 104.0 29.0 53.0 70.0 89.0 21.0 42.0 50.0 66.0 78.0 114.0 39.0 72.0 11.0 0.0 71.0 89.0 21.0 68.0 73.0 48.0 42.0 29.0 67.0 25.0 56.0 40.0 48.0 66.0 77.0 51.0 45.0 27.0 77.0 71.0 0.0 25.0 56.0 68.0 87.0 23.0 60.0 54.0 63.0 0.0 71.0 50.0 73.0 63.0 71.0 27.0 68.0 50.0 93.0 89.0 25.0 0.0 71.0 41.0 17.0 85.0 17.0 47.0 51.0 71.0 0.0 22.0 51.0 47.0 60.0 96.0 38.0 65.0 23.0 21.0 56.0 71.0 0.0 
4 1 15 14 
38 9 85 12 3 69 75 42 78 71 26 13 25 75 75 25 56 36 97 70 30 13 19 5 0 84 91 59 72 89 92 11 95 21 50 75 25 75 75 25 