6 10 2 4 3 133 65 266 125 10 11
5 10 0 0 4 5 0 0 12 8 0 0 0 0 5 11 0 0 10 14 0 0 4 7 
4 3 2 1 1 1 0 4 3 1 5 2 0 3 0 0 0 0 0 3 2 2 0 4 0 2 4 0 0 0 0 3 2 0 0 3 0 2 0 1 
0 0 1 0 0 0 0 0 1 1 1 1 1 1 1 0 0 1 0 1 0 0 1 1 0 0 0 1 0 1 0 0 1 1 0 1 1 1 0 0 1 1 1 1 0 0 1 1 1 0 0 1 1 1 1 1 1 0 0 1 
1 1 1 1 1 1 1 1 1 1 1 1 1 1 1 1 1 1 1 1 1 1 1 1 1 1 1 1 1 1 1 1 1 1 1 1 1 1 1 1 1 1 1 1 1 1 1 1 1 1 1 1 1 1 1 1 1 1 1 1 1 1 1 1 1 1 1 1 1 1 1 1 1 1 1 1 1 1 1 1 1 1 1 1 1 1 1 1 1 1 1 1 1 1 1 1 1 1 1 1 
9 10 9 10 3 4 8 10 6 6 6 7 0 0 6 8 10 10 9 10 7 10 2 6 0 0 7 10 0 0 0 0 0 0 0 0 0 0 1 5 2 7 3 9 0 0 9 10 0 0 2 2 5 10 0 0 0 0 0 0 0 0 5 6 10 10 0 0 0 0 2 3 0 0 9 10 0 0 7 10 
10 4 9 5 
0.0 3.0 74.0 31.0 59.0 57.0 49.0 45.0 39.0 60.0 47.0 83.0 68.0 68.0 59.0 17.0 32.0 41.0 49.0 45.0 3.0 0.0 76.0 31.0 60.0 56.0 51.0 42.0 36.0 63.0 50.0 83.0 68.0 66.0 60.0 17.0 32.0 43.0 51.0 42.0 74.0 76.0 0.0 61.0 42.0 93.0 25.0 94.0 107.0 18.0 29.0 64.0 70.0 120.0 29.0 87.0 55.0 34.0 25.0 94.0 31.0 31.0 61.0 0.0 32.0 37.0 38.0 34.0 50.0 54.0 44.0 52.0 38.0 61.0 37.0 47.0 6.0 31.0 38.0 34.0 59.0 60.0 42.0 32.0 0.0 54.0 31.0 59.0 81.0 45.0 41.0 29.0 29.0 83.0 14.0 75.0 28.0 31.0 31.0 59.0 57.0 56.0 93.0 37.0 54.0 0.0 73.0 17.0 48.0 89.0 80.0 56.0 35.0 31.0 66.0 70.0 43.0 68.0 73.0 17.0 49.0 51.0 25.0 38.0 31.0 73.0 0.0 71.0 82.0 17.0 11.0 59.0 58.0 98.0 20.0 63.0 32.0 9.0 0.0 71.0 45.0 42.0 94.0 34.0 59.0 17.0 71.0 0.0 31.0 87.0 76.0 68.0 47.0 28.0 68.0 55.0 39.0 64.0 71.0 0.0 39.0 36.0 107.0 50.0 81.0 48.0 82.0 31.0 0.0 96.0 84.0 95.0 75.0 39.0 86.0 39.0 54.0 74.0 82.0 31.0 60.0 63.0 18.0 54.0 45.0 89.0 17.0 87.0 96.0 0.0 13.0 71.0 73.0 114.0 32.0 71.0 48.0 23.0 17.0 87.0 47.0 50.0 29.0 44.0 41.0 80.0 11.0 76.0 84.0 13.0 0.0 70.0 67.0 103.0 30.0 59.0 38.0 13.0 11.0 76.0 83.0 83.0 64.0 52.0 29.0 56.0 59.0 68.0 95.0 71.0 70.0 0.0 22.0 86.0 40.0 99.0 52.0 60.0 59.0 68.0 68.0 68.0 70.0 38.0 29.0 35.0 58.0 47.0 75.0 73.0 67.0 22.0 0.0 65.0 43.0 84.0 39.0 56.0 58.0 47.0 68.0 66.0 120.0 61.0 83.0 31.0 98.0 28.0 39.0 114.0 103.0 86.0 65.0 0.0 94.0 75.0 66.0 91.0 98.0 28.0 59.0 60.0 29.0 37.0 14.0 66.0 20.0 68.0 86.0 32.0 30.0 40.0 43.0 94.0 0.0 74.0 32.0 23.0 20.0 68.0 17.0 17.0 87.0 47.0 75.0 70.0 63.0 55.0 39.0 71.0 59.0 99.0 84.0 75.0 74.0 0.0 48.0 55.0 63.0 55.0 32.0 32.0 55.0 6.0 28.0 43.0 32.0 39.0 54.0 48.0 38.0 52.0 39.0 66.0 32.0 48.0 0.0 26.0 32.0 39.0 41.0 43.0 34.0 31.0 31.0 68.0 9.0 64.0 74.0 23.0 13.0 60.0 56.0 91.0 23.0 55.0 26.0 0.0 9.0 64.0 49.0 51.0 25.0 38.0 31.0 73.0 0.0 71.0 82.0 17.0 11.0 59.0 58.0 98.0 20.0 63.0 32.0 9.0 0.0 71.0 45.0 42.0 94.0 34.0 59.0 17.0 71.0 0.0 31.0 87.0 76.0 68.0 47.0 28.0 68.0 55.0 39.0 64.0 71.0 0.0 
2 5 5 14 
73 69 75 67 1 82 51 48 20 45 63 13 25 75 75 25 100 42 17 89 29 85 8 19 29 18 92 4 16 58 87 78 47 52 33 73 25 75 75 25 