6 10 2 4 3 185 65 370 125 10 11
5 11 0 0 4 10 0 0 7 16 0 0 0 0 7 9 0 0 13 15 0 0 14 7 
5 0 0 0 0 4 5 4 0 4 0 0 0 2 0 0 0 5 1 0 0 0 0 1 0 5 3 0 0 0 5 5 2 2 0 4 1 0 2 4 
0 0 1 1 1 0 0 0 1 1 0 1 1 1 1 1 0 0 0 0 1 0 1 0 1 0 0 0 1 1 1 1 0 1 1 1 0 0 1 1 1 0 1 0 0 1 1 1 1 0 0 1 0 1 0 1 1 1 1 1 
1 1 1 1 1 1 1 1 1 1 1 1 1 1 1 1 1 1 1 1 1 1 1 1 1 1 1 1 1 1 1 1 1 1 1 1 1 1 1 1 1 1 1 1 1 1 1 1 1 1 1 1 1 1 1 1 1 1 1 1 1 1 1 1 1 1 1 1 1 1 1 1 1 1 1 1 1 1 1 1 1 1 1 1 1 1 1 1 1 1 1 1 1 1 1 1 1 1 1 1 
1 7 0 0 0 0 0 0 0 0 7 10 4 7 1 9 0 0 4 7 0 0 0 0 0 0 9 9 0 0 0 0 0 0 9 10 9 10 0 0 0 0 0 0 0 0 9 10 0 0 6 10 9 10 0 0 0 0 0 0 9 10 4 8 2 4 1 2 0 0 10 10 4 7 0 0 9 10 7 9 
3 7 3 7 
0.0 42.0 23.0 49.0 37.0 63.0 32.0 55.0 62.0 33.0 66.0 32.0 51.0 44.0 33.0 86.0 18.0 28.0 32.0 55.0 42.0 0.0 46.0 18.0 79.0 96.0 72.0 42.0 32.0 41.0 70.0 47.0 61.0 10.0 34.0 59.0 29.0 27.0 72.0 42.0 23.0 46.0 0.0 59.0 46.0 82.0 47.0 72.0 74.0 53.0 88.0 54.0 73.0 43.0 52.0 100.0 34.0 45.0 47.0 72.0 49.0 18.0 59.0 0.0 84.0 93.0 74.0 26.0 16.0 34.0 56.0 42.0 50.0 27.0 28.0 42.0 32.0 24.0 74.0 26.0 37.0 79.0 46.0 84.0 0.0 46.0 14.0 83.0 95.0 58.0 82.0 53.0 66.0 81.0 62.0 117.0 53.0 61.0 14.0 83.0 63.0 96.0 82.0 93.0 46.0 0.0 37.0 79.0 97.0 59.0 60.0 52.0 50.0 102.0 66.0 110.0 69.0 71.0 37.0 79.0 32.0 72.0 47.0 74.0 14.0 37.0 0.0 71.0 84.0 46.0 68.0 40.0 52.0 75.0 50.0 104.0 44.0 51.0 0.0 71.0 55.0 42.0 72.0 26.0 83.0 79.0 71.0 0.0 21.0 26.0 32.0 32.0 31.0 51.0 23.0 34.0 39.0 28.0 71.0 0.0 62.0 32.0 74.0 16.0 95.0 97.0 84.0 21.0 0.0 40.0 52.0 47.0 51.0 42.0 34.0 27.0 45.0 34.0 84.0 21.0 33.0 41.0 53.0 34.0 58.0 59.0 46.0 26.0 40.0 0.0 35.0 8.0 22.0 49.0 8.0 59.0 22.0 15.0 46.0 26.0 66.0 70.0 88.0 56.0 82.0 60.0 68.0 32.0 52.0 35.0 0.0 35.0 17.0 79.0 39.0 54.0 56.0 48.0 68.0 32.0 32.0 47.0 54.0 42.0 53.0 52.0 40.0 32.0 47.0 8.0 35.0 0.0 19.0 55.0 14.0 65.0 25.0 21.0 40.0 32.0 51.0 61.0 73.0 50.0 66.0 50.0 52.0 31.0 51.0 22.0 17.0 19.0 0.0 70.0 27.0 61.0 43.0 36.0 52.0 31.0 44.0 10.0 43.0 27.0 81.0 102.0 75.0 51.0 42.0 49.0 79.0 55.0 70.0 0.0 43.0 68.0 33.0 35.0 75.0 51.0 33.0 34.0 52.0 28.0 62.0 66.0 50.0 23.0 34.0 8.0 39.0 14.0 27.0 43.0 0.0 55.0 19.0 9.0 50.0 23.0 86.0 59.0 100.0 42.0 117.0 110.0 104.0 34.0 27.0 59.0 54.0 65.0 61.0 68.0 55.0 0.0 69.0 58.0 104.0 34.0 18.0 29.0 34.0 32.0 53.0 69.0 44.0 39.0 45.0 22.0 56.0 25.0 43.0 33.0 19.0 69.0 0.0 12.0 44.0 39.0 28.0 27.0 45.0 24.0 61.0 71.0 51.0 28.0 34.0 15.0 48.0 21.0 36.0 35.0 9.0 58.0 12.0 0.0 51.0 28.0 32.0 72.0 47.0 74.0 14.0 37.0 0.0 71.0 84.0 46.0 68.0 40.0 52.0 75.0 50.0 104.0 44.0 51.0 0.0 71.0 55.0 42.0 72.0 26.0 83.0 79.0 71.0 0.0 21.0 26.0 32.0 32.0 31.0 51.0 23.0 34.0 39.0 28.0 71.0 0.0 
9 11 2 15 
24 44 39 5 4 34 56 8 12 79 52 100 25 75 75 25 71 5 56 42 89 53 55 49 73 55 30 1 55 35 97 0 37 33 48 30 25 75 75 25 