6 10 2 4 3 159 65 317 125 10 11
5 6 0 0 9 10 0 0 7 10 0 0 0 0 7 19 0 0 12 10 0 0 5 16 
2 2 5 2 2 0 0 4 0 0 0 4 0 0 1 0 0 2 0 4 0 0 4 5 5 0 0 0 0 0 2 0 0 4 0 2 0 2 0 2 
1 0 0 0 1 1 0 1 0 0 0 1 0 1 1 0 0 1 0 0 0 1 0 1 0 1 1 1 0 1 0 1 1 1 1 1 1 1 1 0 0 1 0 1 0 0 1 1 0 0 0 0 1 1 0 1 1 0 1 0 
1 1 1 1 1 1 1 1 1 1 1 1 1 1 1 1 1 1 1 1 1 1 1 1 1 1 1 1 1 1 1 1 1 1 1 1 1 1 1 1 1 1 1 1 1 1 1 1 1 1 1 1 1 1 1 1 1 1 1 1 1 1 1 1 1 1 1 1 1 1 1 1 1 1 1 1 1 1 1 1 1 1 1 1 1 1 1 1 1 1 1 1 1 1 1 1 1 1 1 1 
10 10 10 10 5 6 1 5 9 10 0 0 0 0 5 5 0 0 0 0 0 0 7 8 0 0 0 0 7 9 0 0 0 0 4 10 0 0 10 10 0 0 0 0 3 3 3 8 6 6 0 0 0 0 0 0 0 0 0 0 9 10 0 0 0 0 6 9 0 0 3 3 0 0 2 9 0 0 6 9 
5 8 7 7 
0.0 51.0 78.0 62.0 32.0 72.0 15.0 65.0 30.0 25.0 75.0 30.0 55.0 21.0 72.0 27.0 78.0 82.0 15.0 65.0 51.0 0.0 36.0 36.0 60.0 31.0 46.0 47.0 47.0 38.0 26.0 22.0 60.0 31.0 22.0 65.0 47.0 66.0 46.0 47.0 78.0 36.0 0.0 25.0 74.0 7.0 78.0 34.0 82.0 73.0 21.0 51.0 59.0 63.0 26.0 98.0 20.0 47.0 78.0 34.0 62.0 36.0 25.0 0.0 51.0 20.0 65.0 12.0 73.0 63.0 38.0 39.0 35.0 52.0 41.0 85.0 17.0 31.0 65.0 12.0 32.0 60.0 74.0 51.0 0.0 67.0 46.0 49.0 61.0 53.0 79.0 42.0 28.0 43.0 78.0 58.0 65.0 60.0 46.0 49.0 72.0 31.0 7.0 20.0 67.0 0.0 71.0 29.0 76.0 66.0 21.0 44.0 54.0 57.0 25.0 91.0 20.0 45.0 71.0 29.0 15.0 46.0 78.0 65.0 46.0 71.0 0.0 71.0 16.0 12.0 71.0 28.0 65.0 15.0 67.0 21.0 81.0 89.0 0.0 71.0 65.0 47.0 34.0 12.0 49.0 29.0 71.0 0.0 81.0 71.0 49.0 47.0 27.0 59.0 52.0 91.0 18.0 20.0 71.0 0.0 30.0 47.0 82.0 73.0 61.0 76.0 16.0 81.0 0.0 10.0 71.0 35.0 79.0 22.0 65.0 22.0 88.0 100.0 16.0 81.0 25.0 38.0 73.0 63.0 53.0 66.0 12.0 71.0 10.0 0.0 63.0 25.0 69.0 13.0 58.0 28.0 78.0 90.0 12.0 71.0 75.0 26.0 21.0 38.0 79.0 21.0 71.0 49.0 71.0 63.0 0.0 46.0 71.0 57.0 7.0 90.0 40.0 65.0 71.0 49.0 30.0 22.0 51.0 39.0 42.0 44.0 28.0 47.0 35.0 25.0 46.0 0.0 49.0 14.0 43.0 48.0 55.0 66.0 28.0 47.0 55.0 60.0 59.0 35.0 28.0 54.0 65.0 27.0 79.0 69.0 71.0 49.0 0.0 58.0 72.0 82.0 45.0 33.0 65.0 27.0 21.0 31.0 63.0 52.0 43.0 57.0 15.0 59.0 22.0 13.0 57.0 14.0 58.0 0.0 53.0 35.0 68.0 78.0 15.0 59.0 72.0 22.0 26.0 41.0 78.0 25.0 67.0 52.0 65.0 58.0 7.0 43.0 72.0 53.0 0.0 85.0 45.0 69.0 67.0 52.0 27.0 65.0 98.0 85.0 58.0 91.0 21.0 91.0 22.0 28.0 90.0 48.0 82.0 35.0 85.0 0.0 101.0 108.0 21.0 91.0 78.0 47.0 20.0 17.0 65.0 20.0 81.0 18.0 88.0 78.0 40.0 55.0 45.0 68.0 45.0 101.0 0.0 27.0 81.0 18.0 82.0 66.0 47.0 31.0 60.0 45.0 89.0 20.0 100.0 90.0 65.0 66.0 33.0 78.0 69.0 108.0 27.0 0.0 89.0 20.0 15.0 46.0 78.0 65.0 46.0 71.0 0.0 71.0 16.0 12.0 71.0 28.0 65.0 15.0 67.0 21.0 81.0 89.0 0.0 71.0 65.0 47.0 34.0 12.0 49.0 29.0 71.0 0.0 81.0 71.0 49.0 47.0 27.0 59.0 52.0 91.0 18.0 20.0 71.0 0.0 
14 11 9 8 
39 79 29 30 51 2 64 23 70 73 51 9 25 75 75 25 10 72 18 66 31 5 36 50 85 50 29 61 26 9 16 93 70 8 94 19 25 75 75 25 