6 10 2 4 3 165 65 330 125 10 11
11 21 0 0 13 25 0 0 9 10 0 0 0 0 4 19 0 0 11 9 0 0 4 19 
2 0 3 1 0 5 0 0 0 4 0 1 0 4 0 0 2 0 0 5 0 2 5 5 4 0 0 0 3 3 4 2 0 4 0 3 3 3 0 5 
0 1 1 0 1 0 1 1 0 1 1 0 0 1 0 1 0 0 0 0 0 1 1 1 0 0 1 0 0 0 0 1 0 1 0 1 0 1 1 1 0 0 0 0 0 0 1 0 0 1 0 0 1 0 1 1 0 0 1 0 
1 1 1 1 1 1 1 1 1 1 1 1 1 1 1 1 1 1 1 1 1 1 1 1 1 1 1 1 1 1 1 1 1 1 1 1 1 1 1 1 1 1 1 1 1 1 1 1 1 1 1 1 1 1 1 1 1 1 1 1 1 1 1 1 1 1 1 1 1 1 1 1 1 1 1 1 1 1 1 1 1 1 1 1 1 1 1 1 1 1 1 1 1 1 1 1 1 1 1 1 
1 6 0 0 9 10 3 9 0 0 3 3 0 0 0 0 0 0 2 3 0 0 5 9 0 0 7 8 0 0 0 0 7 9 0 0 0 0 6 9 0 0 10 10 5 5 7 10 5 9 0 0 0 0 0 0 6 9 9 10 6 9 10 10 0 0 4 5 0 0 3 3 9 9 6 10 0 0 3 5 
9 6 8 5 
0.0 95.0 96.0 24.0 27.0 10.0 74.0 63.0 116.0 81.0 63.0 14.0 97.0 74.0 19.0 71.0 36.0 57.0 74.0 63.0 95.0 0.0 39.0 78.0 71.0 88.0 21.0 83.0 48.0 80.0 32.0 85.0 5.0 35.0 89.0 61.0 63.0 44.0 21.0 83.0 96.0 39.0 0.0 89.0 70.0 87.0 44.0 59.0 20.0 49.0 47.0 83.0 44.0 65.0 98.0 35.0 61.0 65.0 44.0 59.0 24.0 78.0 89.0 0.0 28.0 26.0 58.0 72.0 108.0 86.0 48.0 26.0 80.0 52.0 11.0 72.0 32.0 37.0 58.0 72.0 27.0 71.0 70.0 28.0 0.0 18.0 52.0 45.0 90.0 59.0 41.0 14.0 75.0 57.0 33.0 47.0 10.0 41.0 52.0 45.0 10.0 88.0 87.0 26.0 18.0 0.0 67.0 53.0 107.0 71.0 57.0 4.0 91.0 70.0 25.0 61.0 27.0 53.0 67.0 53.0 74.0 21.0 44.0 58.0 52.0 67.0 0.0 71.0 59.0 73.0 12.0 65.0 24.0 22.0 68.0 52.0 43.0 24.0 0.0 71.0 63.0 83.0 59.0 72.0 45.0 53.0 71.0 0.0 76.0 20.0 63.0 50.0 88.0 87.0 76.0 25.0 42.0 74.0 71.0 0.0 116.0 48.0 20.0 108.0 90.0 107.0 59.0 76.0 0.0 62.0 64.0 103.0 52.0 79.0 117.0 52.0 81.0 81.0 59.0 76.0 81.0 80.0 49.0 86.0 59.0 71.0 73.0 20.0 62.0 0.0 67.0 68.0 85.0 91.0 92.0 21.0 55.0 82.0 73.0 20.0 63.0 32.0 47.0 48.0 41.0 57.0 12.0 63.0 64.0 67.0 0.0 54.0 35.0 25.0 58.0 47.0 33.0 19.0 12.0 63.0 14.0 85.0 83.0 26.0 14.0 4.0 65.0 50.0 103.0 68.0 54.0 0.0 87.0 68.0 27.0 58.0 24.0 51.0 65.0 50.0 97.0 5.0 44.0 80.0 75.0 91.0 24.0 88.0 52.0 85.0 35.0 87.0 0.0 34.0 90.0 66.0 66.0 44.0 24.0 88.0 74.0 35.0 65.0 52.0 57.0 70.0 22.0 87.0 79.0 91.0 25.0 68.0 34.0 0.0 63.0 71.0 51.0 17.0 22.0 87.0 19.0 89.0 98.0 11.0 33.0 25.0 68.0 76.0 117.0 92.0 58.0 27.0 90.0 63.0 0.0 79.0 40.0 47.0 68.0 76.0 71.0 61.0 35.0 72.0 47.0 61.0 52.0 25.0 52.0 21.0 47.0 58.0 66.0 71.0 79.0 0.0 40.0 62.0 52.0 25.0 36.0 63.0 61.0 32.0 10.0 27.0 43.0 42.0 81.0 55.0 33.0 24.0 66.0 51.0 40.0 40.0 0.0 36.0 43.0 42.0 57.0 44.0 65.0 37.0 41.0 53.0 24.0 74.0 81.0 82.0 19.0 51.0 44.0 17.0 47.0 62.0 36.0 0.0 24.0 74.0 74.0 21.0 44.0 58.0 52.0 67.0 0.0 71.0 59.0 73.0 12.0 65.0 24.0 22.0 68.0 52.0 43.0 24.0 0.0 71.0 63.0 83.0 59.0 72.0 45.0 53.0 71.0 0.0 76.0 20.0 63.0 50.0 88.0 87.0 76.0 25.0 42.0 74.0 71.0 0.0 
8 10 1 8 
17 2 31 95 68 83 4 22 31 24 25 8 25 75 75 25 78 100 88 39 26 64 27 11 27 98 4 74 1 12 70 49 34 33 9 58 25 75 75 25 