2 10 2 2 3 28 125 55 250 5 11
14 7 25 6 
5 0 3 3 0 2 2 0 3 1 2 0 2 0 5 1 0 3 4 0 
1 0 1 1 1 0 1 0 1 0 
1 1 1 1 1 1 1 1 1 1 1 1 1 1 1 1 1 1 1 1 1 1 1 1 1 1 1 1 1 1 1 1 1 1 1 1 1 1 1 1 1 1 1 1 1 1 1 1 1 1 
5 5 0 0 2 3 3 5 0 0 5 5 2 3 0 0 5 5 1 3 4 5 0 0 2 4 0 0 3 5 3 4 0 0 1 3 2 4 0 0 
3 3 
0.0 51.0 35.0 61.0 68.0 72.0 65.0 15.0 74.0 59.0 81.0 36.0 91.0 69.0 35.0 61.0 51.0 0.0 77.0 34.0 75.0 47.0 42.0 50.0 34.0 101.0 96.0 84.0 98.0 39.0 77.0 34.0 35.0 77.0 0.0 71.0 53.0 78.0 72.0 50.0 89.0 25.0 56.0 17.0 70.0 78.0 0.0 71.0 61.0 34.0 71.0 0.0 48.0 14.0 9.0 68.0 19.0 93.0 71.0 84.0 68.0 9.0 71.0 0.0 68.0 75.0 53.0 48.0 0.0 44.0 42.0 82.0 65.0 64.0 23.0 69.0 25.0 50.0 53.0 48.0 72.0 47.0 78.0 14.0 44.0 0.0 8.0 81.0 23.0 97.0 66.0 92.0 61.0 9.0 78.0 14.0 65.0 42.0 72.0 9.0 42.0 8.0 0.0 74.0 24.0 92.0 65.0 85.0 61.0 9.0 72.0 9.0 15.0 50.0 50.0 68.0 82.0 81.0 74.0 0.0 78.0 72.0 96.0 48.0 105.0 76.0 50.0 68.0 74.0 34.0 89.0 19.0 65.0 23.0 24.0 78.0 0.0 111.0 88.0 101.0 83.0 15.0 89.0 19.0 59.0 101.0 25.0 93.0 64.0 97.0 92.0 72.0 111.0 0.0 58.0 26.0 74.0 99.0 25.0 93.0 81.0 96.0 56.0 71.0 23.0 66.0 65.0 96.0 88.0 58.0 0.0 71.0 17.0 73.0 56.0 71.0 36.0 84.0 17.0 84.0 69.0 92.0 85.0 48.0 101.0 26.0 71.0 0.0 86.0 92.0 17.0 84.0 91.0 98.0 70.0 68.0 25.0 61.0 61.0 105.0 83.0 74.0 17.0 86.0 0.0 68.0 70.0 68.0 69.0 39.0 78.0 9.0 50.0 9.0 9.0 76.0 15.0 99.0 73.0 92.0 68.0 0.0 78.0 9.0 35.0 77.0 0.0 71.0 53.0 78.0 72.0 50.0 89.0 25.0 56.0 17.0 70.0 78.0 0.0 71.0 61.0 34.0 71.0 0.0 48.0 14.0 9.0 68.0 19.0 93.0 71.0 84.0 68.0 9.0 71.0 0.0 
1 11 
17 41 50 3 25 75 75 25 77 72 88 30 81 31 8 29 83 8 20 99 77 95 9 76 93 90 83 23 25 75 75 25 