2 10 2 2 3 73 125 146 250 5 11
17 22 20 15 
5 0 1 0 3 2 2 5 0 2 2 0 2 2 0 2 3 5 3 4 
1 1 0 1 1 0 0 0 1 0 
1 1 1 1 1 1 1 1 1 1 1 1 1 1 1 1 1 1 1 1 1 1 1 1 1 1 1 1 1 1 1 1 1 1 1 1 1 1 1 1 1 1 1 1 1 1 1 1 1 1 
2 4 0 0 1 4 0 0 5 5 4 5 5 5 1 4 0 0 4 5 4 5 0 0 3 5 3 4 0 0 5 5 4 5 2 5 3 4 1 5 
2 2 
0.0 107.0 9.0 80.0 37.0 83.0 73.0 66.0 17.0 63.0 63.0 33.0 74.0 84.0 9.0 80.0 107.0 0.0 99.0 29.0 74.0 81.0 55.0 61.0 120.0 68.0 49.0 84.0 63.0 25.0 99.0 29.0 9.0 99.0 0.0 71.0 30.0 76.0 67.0 60.0 23.0 57.0 54.0 28.0 69.0 75.0 0.0 71.0 80.0 29.0 71.0 0.0 48.0 63.0 41.0 44.0 92.0 51.0 22.0 59.0 50.0 5.0 71.0 0.0 37.0 74.0 30.0 48.0 0.0 76.0 38.0 32.0 52.0 31.0 38.0 13.0 41.0 52.0 30.0 48.0 83.0 81.0 76.0 63.0 76.0 0.0 96.0 95.0 85.0 99.0 47.0 87.0 104.0 63.0 76.0 63.0 73.0 55.0 67.0 41.0 38.0 96.0 0.0 8.0 89.0 15.0 49.0 42.0 9.0 44.0 67.0 41.0 66.0 61.0 60.0 44.0 32.0 95.0 8.0 0.0 82.0 8.0 49.0 34.0 10.0 48.0 60.0 44.0 17.0 120.0 23.0 92.0 52.0 85.0 89.0 82.0 0.0 79.0 73.0 49.0 90.0 96.0 23.0 92.0 63.0 68.0 57.0 51.0 31.0 99.0 15.0 8.0 79.0 0.0 53.0 31.0 12.0 55.0 57.0 51.0 63.0 49.0 54.0 22.0 38.0 47.0 49.0 49.0 73.0 53.0 0.0 50.0 57.0 25.0 54.0 22.0 33.0 84.0 28.0 59.0 13.0 87.0 42.0 34.0 49.0 31.0 50.0 0.0 42.0 64.0 28.0 59.0 74.0 63.0 69.0 50.0 41.0 104.0 9.0 10.0 90.0 12.0 57.0 42.0 0.0 53.0 69.0 50.0 84.0 25.0 75.0 5.0 52.0 63.0 44.0 48.0 96.0 55.0 25.0 64.0 53.0 0.0 75.0 5.0 9.0 99.0 0.0 71.0 30.0 76.0 67.0 60.0 23.0 57.0 54.0 28.0 69.0 75.0 0.0 71.0 80.0 29.0 71.0 0.0 48.0 63.0 41.0 44.0 92.0 51.0 22.0 59.0 50.0 5.0 71.0 0.0 
10 7 
18 80 91 2 25 75 75 25 33 47 100 82 37 10 32 16 17 96 25 18 70 46 21 48 29 7 79 23 25 75 75 25 