2 10 2 2 3 39 125 77 250 5 11
14 10 18 15 
2 4 0 2 3 0 3 0 0 1 0 4 4 0 0 2 3 0 5 5 
0 0 0 1 0 0 1 1 0 1 
1 1 1 1 1 1 1 1 1 1 1 1 1 1 1 1 1 1 1 1 1 1 1 1 1 1 1 1 1 1 1 1 1 1 1 1 1 1 1 1 1 1 1 1 1 1 1 1 1 1 
2 5 4 5 0 0 3 5 5 5 0 0 2 4 0 0 0 0 5 5 0 0 1 5 1 3 0 0 0 0 3 4 3 3 0 0 2 2 1 2 
3 4 
0.0 94.0 32.0 102.0 71.0 61.0 128.0 92.0 70.0 96.0 107.0 27.0 96.0 64.0 32.0 102.0 94.0 0.0 63.0 18.0 25.0 52.0 36.0 10.0 25.0 87.0 38.0 74.0 5.0 69.0 63.0 18.0 32.0 63.0 0.0 71.0 40.0 35.0 97.0 62.0 39.0 79.0 77.0 16.0 65.0 45.0 0.0 71.0 102.0 18.0 71.0 0.0 33.0 51.0 27.0 27.0 38.0 78.0 22.0 80.0 21.0 66.0 71.0 0.0 71.0 25.0 40.0 33.0 0.0 30.0 58.0 28.0 12.0 73.0 43.0 50.0 28.0 49.0 40.0 33.0 61.0 52.0 35.0 51.0 30.0 0.0 78.0 56.0 39.0 49.0 49.0 35.0 56.0 19.0 35.0 51.0 128.0 36.0 97.0 27.0 58.0 78.0 0.0 42.0 61.0 98.0 38.0 107.0 36.0 92.0 97.0 27.0 92.0 10.0 62.0 27.0 28.0 56.0 42.0 0.0 23.0 95.0 48.0 75.0 7.0 75.0 62.0 27.0 70.0 25.0 39.0 38.0 12.0 39.0 61.0 23.0 0.0 85.0 53.0 53.0 27.0 58.0 39.0 38.0 96.0 87.0 79.0 78.0 73.0 49.0 98.0 95.0 85.0 0.0 61.0 72.0 92.0 34.0 79.0 78.0 107.0 38.0 77.0 22.0 43.0 49.0 38.0 48.0 53.0 61.0 0.0 82.0 42.0 58.0 77.0 22.0 27.0 74.0 16.0 80.0 50.0 35.0 107.0 75.0 53.0 72.0 82.0 0.0 77.0 38.0 16.0 80.0 96.0 5.0 65.0 21.0 28.0 56.0 36.0 7.0 27.0 92.0 42.0 77.0 0.0 73.0 65.0 21.0 64.0 69.0 45.0 66.0 49.0 19.0 92.0 75.0 58.0 34.0 58.0 38.0 73.0 0.0 45.0 66.0 32.0 63.0 0.0 71.0 40.0 35.0 97.0 62.0 39.0 79.0 77.0 16.0 65.0 45.0 0.0 71.0 102.0 18.0 71.0 0.0 33.0 51.0 27.0 27.0 38.0 78.0 22.0 80.0 21.0 66.0 71.0 0.0 
6 4 
2 96 78 42 25 75 75 25 55 50 27 41 99 13 82 51 61 60 2 0 62 8 10 71 82 44 10 33 25 75 75 25 