2 10 2 2 3 107 125 213 250 5 11
15 22 23 12 
0 3 3 0 5 2 4 3 0 3 2 3 0 2 4 1 3 5 3 0 
1 1 0 0 0 0 1 0 0 0 
1 1 1 1 1 1 1 1 1 1 1 1 1 1 1 1 1 1 1 1 1 1 1 1 1 1 1 1 1 1 1 1 1 1 1 1 1 1 1 1 1 1 1 1 1 1 1 1 1 1 
0 0 5 5 3 4 0 0 1 1 3 5 2 5 3 5 0 0 3 5 1 1 1 2 0 0 2 3 1 4 2 5 2 2 4 5 3 4 0 0 
1 2 
0.0 22.0 59.0 35.0 61.0 60.0 34.0 31.0 18.0 16.0 28.0 63.0 55.0 88.0 59.0 35.0 22.0 0.0 76.0 52.0 82.0 82.0 47.0 35.0 36.0 36.0 41.0 79.0 74.0 103.0 76.0 52.0 59.0 76.0 0.0 71.0 33.0 53.0 78.0 85.0 63.0 59.0 76.0 7.0 18.0 31.0 0.0 71.0 35.0 52.0 71.0 0.0 56.0 43.0 11.0 27.0 18.0 20.0 14.0 78.0 59.0 102.0 71.0 0.0 61.0 82.0 33.0 56.0 0.0 23.0 65.0 78.0 56.0 53.0 65.0 39.0 16.0 56.0 33.0 56.0 60.0 82.0 53.0 43.0 23.0 0.0 53.0 69.0 49.0 48.0 55.0 60.0 36.0 78.0 53.0 43.0 34.0 47.0 78.0 11.0 65.0 53.0 0.0 18.0 18.0 22.0 7.0 84.0 67.0 109.0 78.0 11.0 31.0 35.0 85.0 27.0 78.0 69.0 18.0 0.0 24.0 27.0 14.0 91.0 77.0 116.0 85.0 27.0 18.0 36.0 63.0 18.0 56.0 49.0 18.0 24.0 0.0 5.0 14.0 69.0 54.0 94.0 63.0 18.0 16.0 36.0 59.0 20.0 53.0 48.0 22.0 27.0 5.0 0.0 18.0 65.0 50.0 90.0 59.0 20.0 28.0 41.0 76.0 14.0 65.0 55.0 7.0 14.0 14.0 18.0 0.0 82.0 66.0 107.0 76.0 14.0 63.0 79.0 7.0 78.0 39.0 60.0 84.0 91.0 69.0 65.0 82.0 0.0 24.0 26.0 7.0 78.0 55.0 74.0 18.0 59.0 16.0 36.0 67.0 77.0 54.0 50.0 66.0 24.0 0.0 45.0 18.0 59.0 88.0 103.0 31.0 102.0 56.0 78.0 109.0 116.0 94.0 90.0 107.0 26.0 45.0 0.0 31.0 102.0 59.0 76.0 0.0 71.0 33.0 53.0 78.0 85.0 63.0 59.0 76.0 7.0 18.0 31.0 0.0 71.0 35.0 52.0 71.0 0.0 56.0 43.0 11.0 27.0 18.0 20.0 14.0 78.0 59.0 102.0 71.0 0.0 
13 10 
41 19 30 0 25 75 75 25 57 77 77 67 74 15 65 0 58 22 55 25 68 13 19 78 42 73 7 100 25 75 75 25 