2 10 2 2 3 43 125 86 250 5 11
17 6 10 7 
0 2 1 0 0 3 0 4 3 0 0 2 2 0 4 0 4 0 5 0 
0 0 1 0 0 0 0 0 1 0 
1 1 1 1 1 1 1 1 1 1 1 1 1 1 1 1 1 1 1 1 1 1 1 1 1 1 1 1 1 1 1 1 1 1 1 1 1 1 1 1 1 1 1 1 1 1 1 1 1 1 
0 0 5 5 4 5 0 0 0 0 5 5 0 0 3 5 3 4 0 0 0 0 3 4 4 5 0 0 1 4 0 0 5 5 0 0 3 4 0 0 
4 3 
0.0 63.0 40.0 62.0 15.0 10.0 12.0 88.0 1.0 56.0 16.0 29.0 43.0 34.0 40.0 62.0 63.0 0.0 79.0 13.0 59.0 62.0 73.0 56.0 64.0 42.0 77.0 65.0 70.0 76.0 79.0 13.0 40.0 79.0 0.0 71.0 28.0 49.0 46.0 76.0 40.0 48.0 32.0 15.0 13.0 6.0 0.0 71.0 62.0 13.0 71.0 0.0 55.0 63.0 72.0 45.0 63.0 30.0 74.0 58.0 62.0 69.0 71.0 0.0 15.0 59.0 28.0 55.0 0.0 23.0 25.0 76.0 15.0 44.0 20.0 15.0 29.0 24.0 28.0 55.0 10.0 62.0 49.0 63.0 23.0 0.0 12.0 93.0 10.0 61.0 24.0 38.0 51.0 44.0 49.0 63.0 12.0 73.0 46.0 72.0 25.0 12.0 0.0 99.0 11.0 67.0 16.0 37.0 51.0 40.0 46.0 72.0 88.0 56.0 76.0 45.0 76.0 93.0 99.0 0.0 89.0 33.0 94.0 70.0 63.0 77.0 76.0 45.0 1.0 64.0 40.0 63.0 15.0 10.0 11.0 89.0 0.0 57.0 16.0 29.0 43.0 35.0 40.0 63.0 56.0 42.0 48.0 30.0 44.0 61.0 67.0 33.0 57.0 0.0 63.0 39.0 37.0 48.0 48.0 30.0 16.0 77.0 32.0 74.0 20.0 24.0 16.0 94.0 16.0 63.0 0.0 27.0 39.0 27.0 32.0 74.0 29.0 65.0 15.0 58.0 15.0 38.0 37.0 70.0 29.0 39.0 27.0 0.0 14.0 12.0 15.0 58.0 43.0 70.0 13.0 62.0 29.0 51.0 51.0 63.0 43.0 37.0 39.0 14.0 0.0 15.0 13.0 62.0 34.0 76.0 6.0 69.0 24.0 44.0 40.0 77.0 35.0 48.0 27.0 12.0 15.0 0.0 6.0 69.0 40.0 79.0 0.0 71.0 28.0 49.0 46.0 76.0 40.0 48.0 32.0 15.0 13.0 6.0 0.0 71.0 62.0 13.0 71.0 0.0 55.0 63.0 72.0 45.0 63.0 30.0 74.0 58.0 62.0 69.0 71.0 0.0 
6 9 
15 37 73 13 25 75 75 25 25 47 13 28 4 35 99 62 14 37 68 54 6 50 30 61 37 73 23 70 25 75 75 25 