2 10 2 2 3 67 125 134 250 5 11
12 10 13 17 
1 0 3 4 2 0 0 5 2 3 4 2 5 0 3 0 2 3 0 2 
1 1 1 0 1 0 0 0 1 1 
1 1 1 1 1 1 1 1 1 1 1 1 1 1 1 1 1 1 1 1 1 1 1 1 1 1 1 1 1 1 1 1 1 1 1 1 1 1 1 1 1 1 1 1 1 1 1 1 1 1 
4 5 0 0 3 5 3 5 2 3 0 0 0 0 4 5 1 4 4 5 5 5 2 5 2 2 0 0 1 3 0 0 3 5 4 5 0 0 5 5 
1 4 
0.0 81.0 56.0 15.0 29.0 60.0 37.0 56.0 49.0 47.0 37.0 60.0 65.0 42.0 56.0 15.0 81.0 0.0 26.0 96.0 84.0 37.0 93.0 40.0 33.0 65.0 48.0 30.0 58.0 53.0 26.0 96.0 56.0 26.0 0.0 71.0 59.0 20.0 72.0 30.0 8.0 50.0 25.0 13.0 51.0 30.0 0.0 71.0 15.0 96.0 71.0 0.0 35.0 74.0 36.0 69.0 64.0 56.0 51.0 74.0 75.0 56.0 71.0 0.0 29.0 84.0 59.0 35.0 0.0 52.0 65.0 71.0 54.0 70.0 50.0 56.0 85.0 32.0 59.0 35.0 60.0 37.0 20.0 74.0 52.0 0.0 84.0 49.0 24.0 66.0 39.0 9.0 70.0 20.0 20.0 74.0 37.0 93.0 72.0 36.0 65.0 84.0 0.0 55.0 65.0 33.0 47.0 81.0 51.0 71.0 72.0 36.0 56.0 40.0 30.0 69.0 71.0 49.0 55.0 0.0 26.0 25.0 22.0 42.0 21.0 51.0 30.0 69.0 49.0 33.0 8.0 64.0 54.0 24.0 65.0 26.0 0.0 43.0 18.0 18.0 46.0 28.0 8.0 64.0 47.0 65.0 50.0 56.0 70.0 66.0 33.0 25.0 43.0 0.0 28.0 61.0 20.0 61.0 50.0 56.0 37.0 48.0 25.0 51.0 50.0 39.0 47.0 22.0 18.0 28.0 0.0 34.0 37.0 34.0 25.0 51.0 60.0 30.0 13.0 74.0 56.0 9.0 81.0 42.0 18.0 61.0 34.0 0.0 63.0 24.0 13.0 74.0 65.0 58.0 51.0 75.0 85.0 70.0 51.0 21.0 46.0 20.0 37.0 63.0 0.0 70.0 51.0 75.0 42.0 53.0 30.0 56.0 32.0 20.0 71.0 51.0 28.0 61.0 34.0 24.0 70.0 0.0 30.0 56.0 56.0 26.0 0.0 71.0 59.0 20.0 72.0 30.0 8.0 50.0 25.0 13.0 51.0 30.0 0.0 71.0 15.0 96.0 71.0 0.0 35.0 74.0 36.0 69.0 64.0 56.0 51.0 74.0 75.0 56.0 71.0 0.0 
4 13 
65 36 3 88 25 75 75 25 81 59 39 89 45 6 11 49 28 68 20 26 32 51 32 85 1 31 54 76 25 75 75 25 