2 10 2 2 3 60 125 119 250 5 11
9 11 14 18 
0 5 4 0 0 4 0 1 5 0 4 4 0 1 1 4 0 1 4 0 
1 1 0 1 0 0 0 1 0 0 
1 1 1 1 1 1 1 1 1 1 1 1 1 1 1 1 1 1 1 1 1 1 1 1 1 1 1 1 1 1 1 1 1 1 1 1 1 1 1 1 1 1 1 1 1 1 1 1 1 1 
0 0 3 5 1 1 0 0 0 0 4 5 0 0 4 4 5 5 0 0 4 5 2 3 0 0 5 5 2 5 4 5 0 0 1 3 4 5 0 0 
3 3 
0.0 25.0 72.0 34.0 88.0 27.0 14.0 50.0 65.0 89.0 48.0 101.0 87.0 78.0 72.0 34.0 25.0 0.0 76.0 13.0 81.0 24.0 35.0 27.0 74.0 78.0 44.0 105.0 79.0 82.0 76.0 13.0 72.0 76.0 0.0 71.0 39.0 53.0 61.0 95.0 15.0 54.0 35.0 30.0 40.0 7.0 0.0 71.0 34.0 13.0 71.0 0.0 71.0 22.0 41.0 25.0 71.0 67.0 38.0 100.0 69.0 77.0 71.0 0.0 88.0 81.0 39.0 71.0 0.0 63.0 83.0 90.0 53.0 18.0 41.0 50.0 3.0 39.0 39.0 71.0 27.0 24.0 53.0 22.0 63.0 0.0 26.0 46.0 51.0 63.0 23.0 82.0 61.0 59.0 53.0 22.0 14.0 35.0 61.0 41.0 83.0 26.0 0.0 61.0 53.0 86.0 43.0 89.0 81.0 68.0 61.0 41.0 50.0 27.0 95.0 25.0 90.0 46.0 61.0 0.0 95.0 81.0 61.0 123.0 87.0 100.0 95.0 25.0 65.0 74.0 15.0 71.0 53.0 51.0 53.0 95.0 0.0 66.0 38.0 37.0 53.0 19.0 15.0 71.0 89.0 78.0 54.0 67.0 18.0 63.0 86.0 81.0 66.0 0.0 45.0 67.0 16.0 54.0 54.0 67.0 48.0 44.0 35.0 38.0 41.0 23.0 43.0 61.0 38.0 45.0 0.0 63.0 40.0 40.0 35.0 38.0 101.0 105.0 30.0 100.0 50.0 82.0 89.0 123.0 37.0 67.0 63.0 0.0 52.0 24.0 30.0 100.0 87.0 79.0 40.0 69.0 3.0 61.0 81.0 87.0 53.0 16.0 40.0 52.0 0.0 40.0 40.0 69.0 78.0 82.0 7.0 77.0 39.0 59.0 68.0 100.0 19.0 54.0 40.0 24.0 40.0 0.0 7.0 77.0 72.0 76.0 0.0 71.0 39.0 53.0 61.0 95.0 15.0 54.0 35.0 30.0 40.0 7.0 0.0 71.0 34.0 13.0 71.0 0.0 71.0 22.0 41.0 25.0 71.0 67.0 38.0 100.0 69.0 77.0 71.0 0.0 
2 13 
93 53 86 30 25 75 75 25 6 41 68 45 85 64 87 4 36 84 9 24 46 48 0 90 8 39 19 77 25 75 75 25 