2 20 1 2 3 195 125 390 250 5 20
25 35 33 25 
1 0 2 3 0 5 5 0 0 4 4 0 0 5 3 2 1 0 0 3 4 5 5 0 3 2 0 2 3 3 2 0 1 2 0 3 4 5 0 1 
1 1 0 1 0 1 0 0 0 0 
1 1 1 1 1 1 1 1 1 1 1 1 1 1 1 1 1 1 1 1 1 1 1 1 1 1 1 1 1 1 1 1 1 1 1 1 1 1 1 1 1 1 1 1 1 1 1 1 1 1 1 1 1 1 1 1 1 1 1 1 1 1 1 1 1 1 1 1 1 1 1 1 1 1 1 1 1 1 1 1 1 1 1 1 1 1 1 1 1 1 1 1 1 1 1 1 1 1 1 1 
4 5 0 0 3 5 5 5 0 0 1 2 5 5 0 0 0 0 2 5 3 4 0 0 0 0 3 4 3 4 1 3 2 2 0 0 0 0 3 4 1 3 4 5 1 3 0 0 4 5 3 4 0 0 1 2 1 1 5 5 3 4 0 0 2 5 5 5 0 0 3 4 5 5 1 2 0 0 2 5 
2 1 
0.0 20.0 25.0 38.0 2.0 48.0 27.0 90.0 44.0 32.0 42.0 73.0 64.0 49.0 68.0 50.0 71.0 22.0 5.0 10.0 39.0 35.0 53.0 25.0 20.0 0.0 33.0 43.0 19.0 46.0 22.0 93.0 44.0 25.0 43.0 71.0 76.0 66.0 51.0 63.0 55.0 42.0 17.0 23.0 45.0 49.0 47.0 33.0 25.0 33.0 0.0 63.0 24.0 27.0 49.0 66.0 22.0 54.0 66.0 49.0 44.0 39.0 61.0 32.0 65.0 36.0 28.0 15.0 15.0 18.0 35.0 0.0 38.0 43.0 63.0 0.0 40.0 84.0 24.0 128.0 81.0 23.0 8.0 109.0 98.0 77.0 92.0 84.0 95.0 40.0 36.0 48.0 77.0 70.0 88.0 63.0 2.0 19.0 24.0 40.0 0.0 46.0 27.0 89.0 43.0 33.0 43.0 71.0 63.0 49.0 66.0 50.0 70.0 24.0 5.0 9.0 38.0 34.0 51.0 24.0 48.0 46.0 27.0 84.0 46.0 0.0 66.0 48.0 6.0 71.0 87.0 26.0 49.0 57.0 47.0 44.0 50.0 62.0 49.0 39.0 17.0 38.0 12.0 27.0 27.0 22.0 49.0 24.0 27.0 66.0 0.0 113.0 64.0 6.0 22.0 92.0 90.0 75.0 69.0 77.0 71.0 41.0 23.0 36.0 63.0 61.0 68.0 49.0 90.0 93.0 66.0 128.0 89.0 48.0 113.0 0.0 49.0 117.0 131.0 26.0 47.0 73.0 85.0 56.0 87.0 97.0 92.0 81.0 51.0 64.0 53.0 66.0 44.0 44.0 22.0 81.0 43.0 6.0 64.0 49.0 0.0 69.0 84.0 29.0 45.0 52.0 51.0 39.0 54.0 57.0 45.0 35.0 12.0 32.0 17.0 22.0 32.0 25.0 54.0 23.0 33.0 71.0 6.0 117.0 69.0 0.0 21.0 96.0 95.0 80.0 70.0 82.0 73.0 46.0 28.0 41.0 67.0 66.0 72.0 54.0 42.0 43.0 66.0 8.0 43.0 87.0 22.0 131.0 84.0 21.0 0.0 112.0 103.0 83.0 90.0 89.0 93.0 46.0 39.0 52.0 80.0 75.0 89.0 66.0 73.0 71.0 49.0 109.0 71.0 26.0 92.0 26.0 29.0 96.0 112.0 0.0 50.0 69.0 59.0 52.0 62.0 83.0 74.0 63.0 36.0 54.0 28.0 49.0 64.0 76.0 44.0 98.0 63.0 49.0 90.0 47.0 45.0 95.0 103.0 50.0 0.0 27.0 95.0 14.0 98.0 60.0 67.0 55.0 36.0 29.0 60.0 44.0 49.0 66.0 39.0 77.0 49.0 57.0 75.0 73.0 52.0 80.0 83.0 69.0 27.0 0.0 99.0 17.0 102.0 38.0 53.0 43.0 40.0 21.0 68.0 39.0 68.0 51.0 61.0 92.0 66.0 47.0 69.0 85.0 51.0 70.0 90.0 59.0 95.0 99.0 0.0 88.0 4.0 89.0 66.0 65.0 61.0 78.0 36.0 61.0 50.0 63.0 32.0 84.0 50.0 44.0 77.0 56.0 39.0 82.0 89.0 52.0 14.0 17.0 88.0 0.0 92.0 47.0 54.0 42.0 28.0 16.0 55.0 32.0 71.0 55.0 65.0 95.0 70.0 50.0 71.0 87.0 54.0 73.0 93.0 62.0 98.0 102.0 4.0 92.0 0.0 92.0 69.0 68.0 64.0 82.0 39.0 65.0 22.0 42.0 36.0 40.0 24.0 62.0 41.0 97.0 57.0 46.0 46.0 83.0 60.0 38.0 89.0 47.0 92.0 0.0 25.0 25.0 48.0 34.0 70.0 36.0 5.0 17.0 28.0 36.0 5.0 49.0 23.0 92.0 45.0 28.0 39.0 74.0 67.0 53.0 66.0 54.0 69.0 25.0 0.0 13.0 42.0 39.0 53.0 28.0 10.0 23.0 15.0 48.0 9.0 39.0 36.0 81.0 35.0 41.0 52.0 63.0 55.0 43.0 65.0 42.0 68.0 25.0 13.0 0.0 30.0 27.0 46.0 15.0 39.0 45.0 15.0 77.0 38.0 17.0 63.0 51.0 12.0 67.0 80.0 36.0 36.0 40.0 61.0 28.0 64.0 48.0 42.0 30.0 0.0 21.0 29.0 15.0 35.0 49.0 18.0 70.0 34.0 38.0 61.0 64.0 32.0 66.0 75.0 54.0 29.0 21.0 78.0 16.0 82.0 34.0 39.0 27.0 21.0 0.0 48.0 18.0 53.0 47.0 35.0 88.0 51.0 12.0 68.0 53.0 17.0 72.0 89.0 28.0 60.0 68.0 36.0 55.0 39.0 70.0 53.0 46.0 29.0 48.0 0.0 35.0 25.0 33.0 0.0 63.0 24.0 27.0 49.0 66.0 22.0 54.0 66.0 49.0 44.0 39.0 61.0 32.0 65.0 36.0 28.0 15.0 15.0 18.0 35.0 0.0 
15 9 
68 33 55 18 50 50 96 8 66 33 24 51 73 7 1 93 29 53 74 2 94 1 5 68 48 93 72 81 5 9 55 81 2 7 85 46 67 29 61 40 39 59 58 66 16 43 50 50 