2 20 1 2 3 114 125 228 250 5 20
30 26 24 21 
3 0 5 0 3 0 2 3 0 2 5 3 4 2 2 0 0 5 0 4 3 0 0 2 2 3 4 1 4 0 1 0 1 3 0 3 0 1 4 0 
1 0 1 0 0 0 0 0 1 0 
1 1 1 1 1 1 1 1 1 1 1 1 1 1 1 1 1 1 1 1 1 1 1 1 1 1 1 1 1 1 1 1 1 1 1 1 1 1 1 1 1 1 1 1 1 1 1 1 1 1 1 1 1 1 1 1 1 1 1 1 1 1 1 1 1 1 1 1 1 1 1 1 1 1 1 1 1 1 1 1 1 1 1 1 1 1 1 1 1 1 1 1 1 1 1 1 1 1 1 1 
3 5 0 0 4 5 0 0 3 4 0 0 1 4 5 5 0 0 1 3 5 5 3 4 2 3 1 2 3 5 0 0 0 0 5 5 0 0 3 4 3 4 0 0 0 0 3 4 4 5 4 5 1 2 3 5 4 4 0 0 4 4 0 0 2 5 5 5 0 0 1 5 0 0 1 2 5 5 0 0 
1 5 
0.0 13.0 33.0 62.0 31.0 36.0 23.0 18.0 77.0 28.0 65.0 63.0 14.0 32.0 83.0 21.0 59.0 19.0 66.0 73.0 21.0 6.0 53.0 33.0 13.0 0.0 32.0 63.0 19.0 31.0 35.0 9.0 81.0 34.0 73.0 71.0 21.0 44.0 78.0 32.0 54.0 7.0 73.0 72.0 24.0 8.0 62.0 32.0 33.0 32.0 0.0 31.0 34.0 11.0 37.0 26.0 51.0 61.0 54.0 51.0 47.0 49.0 52.0 48.0 28.0 36.0 50.0 41.0 14.0 35.0 45.0 0.0 62.0 63.0 31.0 0.0 64.0 37.0 57.0 56.0 24.0 89.0 45.0 44.0 75.0 67.0 42.0 71.0 29.0 67.0 38.0 13.0 41.0 65.0 44.0 31.0 31.0 19.0 34.0 64.0 0.0 28.0 51.0 14.0 85.0 49.0 84.0 82.0 39.0 62.0 68.0 51.0 47.0 15.0 83.0 71.0 33.0 27.0 74.0 34.0 36.0 31.0 11.0 37.0 28.0 0.0 46.0 23.0 58.0 63.0 64.0 62.0 49.0 58.0 48.0 53.0 24.0 33.0 61.0 44.0 21.0 37.0 56.0 11.0 23.0 35.0 37.0 57.0 51.0 46.0 0.0 38.0 66.0 39.0 46.0 44.0 28.0 12.0 89.0 16.0 65.0 41.0 49.0 69.0 26.0 29.0 34.0 37.0 18.0 9.0 26.0 56.0 14.0 23.0 38.0 0.0 76.0 42.0 72.0 69.0 29.0 49.0 69.0 39.0 46.0 11.0 71.0 65.0 20.0 16.0 61.0 26.0 77.0 81.0 51.0 24.0 85.0 58.0 66.0 76.0 0.0 102.0 35.0 35.0 89.0 72.0 60.0 81.0 52.0 85.0 26.0 26.0 58.0 81.0 40.0 51.0 28.0 34.0 61.0 89.0 49.0 63.0 39.0 42.0 102.0 0.0 84.0 82.0 15.0 40.0 110.0 24.0 86.0 35.0 87.0 100.0 49.0 27.0 72.0 61.0 65.0 73.0 54.0 45.0 84.0 64.0 46.0 72.0 35.0 84.0 0.0 3.0 73.0 47.0 87.0 61.0 70.0 79.0 9.0 54.0 52.0 70.0 13.0 54.0 63.0 71.0 51.0 44.0 82.0 62.0 44.0 69.0 35.0 82.0 3.0 0.0 71.0 45.0 85.0 59.0 68.0 77.0 9.0 54.0 50.0 68.0 10.0 51.0 14.0 21.0 47.0 75.0 39.0 49.0 28.0 29.0 89.0 15.0 73.0 71.0 0.0 33.0 96.0 17.0 72.0 24.0 75.0 86.0 34.0 13.0 61.0 47.0 32.0 44.0 49.0 67.0 62.0 58.0 12.0 49.0 72.0 40.0 47.0 45.0 33.0 0.0 100.0 17.0 77.0 50.0 52.0 79.0 38.0 38.0 35.0 49.0 83.0 78.0 52.0 42.0 68.0 48.0 89.0 69.0 60.0 110.0 87.0 85.0 96.0 100.0 0.0 99.0 25.0 78.0 80.0 35.0 65.0 84.0 85.0 52.0 21.0 32.0 48.0 71.0 51.0 53.0 16.0 39.0 81.0 24.0 61.0 59.0 17.0 17.0 99.0 0.0 75.0 37.0 64.0 83.0 34.0 25.0 49.0 48.0 59.0 54.0 28.0 29.0 47.0 24.0 65.0 46.0 52.0 86.0 70.0 68.0 72.0 77.0 25.0 75.0 0.0 56.0 64.0 29.0 41.0 60.0 65.0 28.0 19.0 7.0 36.0 67.0 15.0 33.0 41.0 11.0 85.0 35.0 79.0 77.0 24.0 50.0 78.0 37.0 56.0 0.0 79.0 76.0 29.0 13.0 68.0 36.0 66.0 73.0 50.0 38.0 83.0 61.0 49.0 71.0 26.0 87.0 9.0 9.0 75.0 52.0 80.0 64.0 64.0 79.0 0.0 47.0 51.0 72.0 17.0 50.0 73.0 72.0 41.0 13.0 71.0 44.0 69.0 65.0 26.0 100.0 54.0 54.0 86.0 79.0 35.0 83.0 29.0 76.0 47.0 0.0 52.0 76.0 55.0 41.0 21.0 24.0 14.0 41.0 33.0 21.0 26.0 20.0 58.0 49.0 52.0 50.0 34.0 38.0 65.0 34.0 41.0 29.0 51.0 52.0 0.0 25.0 42.0 14.0 6.0 8.0 35.0 65.0 27.0 37.0 29.0 16.0 81.0 27.0 70.0 68.0 13.0 38.0 84.0 25.0 60.0 13.0 72.0 76.0 25.0 0.0 59.0 35.0 53.0 62.0 45.0 44.0 74.0 56.0 34.0 61.0 40.0 72.0 13.0 10.0 61.0 35.0 85.0 49.0 65.0 68.0 17.0 55.0 42.0 59.0 0.0 45.0 33.0 32.0 0.0 31.0 34.0 11.0 37.0 26.0 51.0 61.0 54.0 51.0 47.0 49.0 52.0 48.0 28.0 36.0 50.0 41.0 14.0 35.0 45.0 0.0 
8 7 
75 71 80 60 50 50 20 44 83 42 56 41 58 86 75 53 0 56 96 89 13 88 15 87 85 80 58 98 28 3 73 91 40 24 85 56 10 80 13 34 57 61 80 68 25 87 50 50 