2 20 1 2 3 187 125 373 250 5 20
30 29 32 31 
0 2 0 2 2 0 2 0 0 3 5 3 4 0 5 4 1 3 4 0 4 0 3 4 0 1 2 5 0 3 2 0 5 5 3 2 1 0 0 5 
1 0 1 0 0 0 1 1 0 1 
1 1 1 1 1 1 1 1 1 1 1 1 1 1 1 1 1 1 1 1 1 1 1 1 1 1 1 1 1 1 1 1 1 1 1 1 1 1 1 1 1 1 1 1 1 1 1 1 1 1 1 1 1 1 1 1 1 1 1 1 1 1 1 1 1 1 1 1 1 1 1 1 1 1 1 1 1 1 1 1 1 1 1 1 1 1 1 1 1 1 1 1 1 1 1 1 1 1 1 1 
0 0 2 4 0 0 1 1 1 2 0 0 5 5 0 0 0 0 4 5 5 5 1 2 1 2 0 0 2 5 4 5 5 5 2 3 4 5 0 0 4 5 0 0 5 5 4 5 0 0 5 5 1 2 3 4 0 0 2 3 4 5 0 0 3 4 5 5 3 4 2 3 4 5 0 0 0 0 2 3 
1 5 
0.0 69.0 55.0 61.0 39.0 101.0 89.0 102.0 86.0 78.0 93.0 27.0 87.0 30.0 80.0 32.0 36.0 123.0 74.0 26.0 69.0 95.0 76.0 55.0 69.0 0.0 30.0 78.0 75.0 46.0 21.0 42.0 41.0 23.0 54.0 58.0 19.0 40.0 22.0 38.0 56.0 79.0 21.0 47.0 75.0 28.0 84.0 30.0 55.0 30.0 0.0 49.0 49.0 47.0 46.0 49.0 32.0 26.0 40.0 57.0 46.0 29.0 28.0 26.0 30.0 71.0 22.0 29.0 46.0 55.0 56.0 0.0 61.0 78.0 49.0 0.0 24.0 81.0 94.0 87.0 62.0 70.0 60.0 81.0 95.0 57.0 73.0 55.0 30.0 85.0 67.0 47.0 13.0 104.0 16.0 49.0 39.0 75.0 49.0 24.0 0.0 91.0 94.0 95.0 73.0 74.0 74.0 61.0 94.0 44.0 76.0 43.0 20.0 102.0 70.0 33.0 35.0 103.0 40.0 49.0 101.0 46.0 47.0 81.0 91.0 0.0 40.0 9.0 19.0 25.0 25.0 99.0 43.0 73.0 25.0 71.0 74.0 36.0 29.0 75.0 71.0 47.0 78.0 47.0 89.0 21.0 46.0 94.0 94.0 40.0 0.0 33.0 44.0 27.0 57.0 76.0 4.0 60.0 24.0 58.0 75.0 75.0 28.0 67.0 88.0 10.0 98.0 46.0 102.0 42.0 49.0 87.0 95.0 9.0 33.0 0.0 25.0 25.0 33.0 97.0 37.0 74.0 24.0 71.0 78.0 44.0 29.0 77.0 77.0 40.0 85.0 49.0 86.0 41.0 32.0 62.0 73.0 19.0 44.0 25.0 0.0 20.0 13.0 87.0 47.0 60.0 22.0 57.0 56.0 40.0 21.0 60.0 53.0 54.0 61.0 32.0 78.0 23.0 26.0 70.0 74.0 25.0 27.0 25.0 20.0 0.0 33.0 74.0 29.0 50.0 3.0 47.0 55.0 57.0 5.0 53.0 63.0 37.0 72.0 26.0 93.0 54.0 40.0 60.0 74.0 25.0 57.0 33.0 13.0 33.0 0.0 96.0 59.0 68.0 35.0 66.0 60.0 31.0 34.0 67.0 49.0 66.0 55.0 40.0 27.0 58.0 57.0 81.0 61.0 99.0 76.0 97.0 87.0 74.0 96.0 0.0 73.0 29.0 74.0 32.0 52.0 126.0 70.0 35.0 86.0 80.0 94.0 57.0 87.0 19.0 46.0 95.0 94.0 43.0 4.0 37.0 47.0 29.0 59.0 73.0 0.0 58.0 26.0 57.0 74.0 79.0 30.0 66.0 89.0 10.0 99.0 46.0 30.0 40.0 29.0 57.0 44.0 73.0 60.0 74.0 60.0 50.0 68.0 29.0 58.0 0.0 51.0 3.0 28.0 99.0 45.0 11.0 59.0 67.0 69.0 29.0 80.0 22.0 28.0 73.0 76.0 25.0 24.0 24.0 22.0 3.0 35.0 74.0 26.0 51.0 0.0 48.0 58.0 58.0 7.0 55.0 66.0 34.0 75.0 28.0 32.0 38.0 26.0 55.0 43.0 71.0 58.0 71.0 57.0 47.0 66.0 32.0 57.0 3.0 48.0 0.0 26.0 96.0 43.0 11.0 58.0 65.0 67.0 26.0 36.0 56.0 30.0 30.0 20.0 74.0 75.0 78.0 56.0 55.0 60.0 52.0 74.0 28.0 58.0 26.0 0.0 90.0 51.0 18.0 34.0 84.0 43.0 30.0 123.0 79.0 71.0 85.0 102.0 36.0 75.0 44.0 40.0 57.0 31.0 126.0 79.0 99.0 58.0 96.0 90.0 0.0 60.0 98.0 72.0 83.0 75.0 71.0 74.0 21.0 22.0 67.0 70.0 29.0 28.0 29.0 21.0 5.0 34.0 70.0 30.0 45.0 7.0 43.0 51.0 60.0 0.0 49.0 61.0 38.0 70.0 22.0 26.0 47.0 29.0 47.0 33.0 75.0 67.0 77.0 60.0 53.0 67.0 35.0 66.0 11.0 55.0 11.0 18.0 98.0 49.0 0.0 51.0 75.0 60.0 29.0 69.0 75.0 46.0 13.0 35.0 71.0 88.0 77.0 53.0 63.0 49.0 86.0 89.0 59.0 66.0 58.0 34.0 72.0 61.0 51.0 0.0 98.0 10.0 46.0 95.0 28.0 55.0 104.0 103.0 47.0 10.0 40.0 54.0 37.0 66.0 80.0 10.0 67.0 34.0 65.0 84.0 83.0 38.0 75.0 98.0 0.0 108.0 55.0 76.0 84.0 56.0 16.0 40.0 78.0 98.0 85.0 61.0 72.0 55.0 94.0 99.0 69.0 75.0 67.0 43.0 75.0 70.0 60.0 10.0 108.0 0.0 56.0 55.0 30.0 0.0 49.0 49.0 47.0 46.0 49.0 32.0 26.0 40.0 57.0 46.0 29.0 28.0 26.0 30.0 71.0 22.0 29.0 46.0 55.0 56.0 0.0 
7 15 
0 28 68 27 50 50 17 86 4 66 94 64 88 25 98 56 76 67 75 48 76 80 15 6 86 22 29 31 77 46 31 33 21 57 100 99 71 47 23 40 29 90 94 17 25 99 50 50 