2 20 1 2 3 90 125 180 250 5 20
19 35 17 46 
0 5 1 0 0 5 5 1 1 0 0 5 0 2 3 1 2 2 5 2 2 0 0 4 0 4 1 0 0 2 0 4 4 5 5 0 2 0 0 4 
0 1 1 1 0 1 1 1 1 1 
1 1 1 1 1 1 1 1 1 1 1 1 1 1 1 1 1 1 1 1 1 1 1 1 1 1 1 1 1 1 1 1 1 1 1 1 1 1 1 1 1 1 1 1 1 1 1 1 1 1 1 1 1 1 1 1 1 1 1 1 1 1 1 1 1 1 1 1 1 1 1 1 1 1 1 1 1 1 1 1 1 1 1 1 1 1 1 1 1 1 1 1 1 1 1 1 1 1 1 1 
0 0 2 3 3 4 0 0 0 0 2 3 5 5 5 5 3 4 0 0 0 0 1 3 0 0 5 5 2 3 4 5 4 5 2 5 5 5 2 2 2 4 0 0 0 0 3 3 0 0 5 5 1 2 0 0 0 0 3 4 0 0 1 5 3 5 3 5 5 5 0 0 5 5 0 0 0 0 4 5 
1 1 
0.0 85.0 46.0 11.0 17.0 22.0 68.0 70.0 37.0 25.0 49.0 35.0 35.0 53.0 67.0 71.0 82.0 68.0 42.0 36.0 27.0 84.0 21.0 46.0 85.0 0.0 46.0 75.0 69.0 71.0 45.0 80.0 73.0 69.0 100.0 51.0 74.0 35.0 50.0 32.0 44.0 108.0 88.0 84.0 84.0 15.0 93.0 46.0 46.0 46.0 0.0 38.0 35.0 43.0 25.0 46.0 53.0 25.0 56.0 22.0 53.0 30.0 26.0 49.0 38.0 66.0 44.0 39.0 58.0 40.0 48.0 0.0 11.0 75.0 38.0 0.0 7.0 15.0 61.0 68.0 31.0 21.0 53.0 25.0 29.0 43.0 61.0 61.0 75.0 71.0 44.0 38.0 25.0 75.0 28.0 38.0 17.0 69.0 35.0 7.0 0.0 10.0 59.0 70.0 26.0 23.0 58.0 19.0 25.0 37.0 59.0 54.0 73.0 75.0 48.0 42.0 24.0 70.0 34.0 35.0 22.0 71.0 43.0 15.0 10.0 0.0 67.0 80.0 16.0 33.0 67.0 23.0 15.0 37.0 67.0 52.0 80.0 85.0 58.0 51.0 15.0 74.0 42.0 43.0 68.0 45.0 25.0 61.0 59.0 67.0 0.0 36.0 77.0 44.0 62.0 46.0 77.0 48.0 5.0 63.0 15.0 66.0 52.0 50.0 82.0 33.0 66.0 25.0 70.0 80.0 46.0 68.0 70.0 80.0 36.0 0.0 94.0 48.0 39.0 65.0 93.0 75.0 31.0 94.0 43.0 34.0 34.0 37.0 92.0 69.0 57.0 46.0 37.0 73.0 53.0 31.0 26.0 16.0 77.0 94.0 0.0 48.0 83.0 32.0 3.0 39.0 78.0 47.0 89.0 101.0 74.0 67.0 16.0 78.0 57.0 53.0 25.0 69.0 25.0 21.0 23.0 33.0 44.0 48.0 48.0 0.0 39.0 25.0 47.0 44.0 43.0 64.0 59.0 55.0 28.0 22.0 45.0 65.0 25.0 25.0 49.0 100.0 56.0 53.0 58.0 67.0 62.0 39.0 83.0 39.0 0.0 64.0 81.0 81.0 58.0 102.0 75.0 20.0 13.0 18.0 75.0 92.0 30.0 56.0 35.0 51.0 22.0 25.0 19.0 23.0 46.0 65.0 32.0 25.0 64.0 0.0 32.0 20.0 47.0 40.0 58.0 78.0 52.0 46.0 38.0 52.0 46.0 22.0 35.0 74.0 53.0 29.0 25.0 15.0 77.0 93.0 3.0 47.0 81.0 32.0 0.0 40.0 78.0 49.0 89.0 99.0 72.0 66.0 14.0 79.0 55.0 53.0 53.0 35.0 30.0 43.0 37.0 37.0 48.0 75.0 39.0 44.0 81.0 20.0 40.0 0.0 51.0 21.0 56.0 94.0 69.0 63.0 50.0 40.0 65.0 30.0 67.0 50.0 26.0 61.0 59.0 67.0 5.0 31.0 78.0 43.0 58.0 47.0 78.0 51.0 0.0 66.0 18.0 61.0 48.0 46.0 82.0 38.0 63.0 26.0 71.0 32.0 49.0 61.0 54.0 52.0 63.0 94.0 47.0 64.0 102.0 40.0 49.0 21.0 66.0 0.0 68.0 114.0 90.0 84.0 62.0 44.0 85.0 49.0 82.0 44.0 38.0 75.0 73.0 80.0 15.0 43.0 89.0 59.0 75.0 58.0 89.0 56.0 18.0 68.0 0.0 76.0 65.0 63.0 95.0 30.0 80.0 38.0 68.0 108.0 66.0 71.0 75.0 85.0 66.0 34.0 101.0 55.0 20.0 78.0 99.0 94.0 61.0 114.0 76.0 0.0 28.0 34.0 94.0 98.0 49.0 66.0 42.0 88.0 44.0 44.0 48.0 58.0 52.0 34.0 74.0 28.0 13.0 52.0 72.0 69.0 48.0 90.0 65.0 28.0 0.0 7.0 68.0 81.0 25.0 44.0 36.0 84.0 39.0 38.0 42.0 51.0 50.0 37.0 67.0 22.0 18.0 46.0 66.0 63.0 46.0 84.0 63.0 34.0 7.0 0.0 61.0 77.0 21.0 39.0 27.0 84.0 58.0 25.0 24.0 15.0 82.0 92.0 16.0 45.0 75.0 38.0 14.0 50.0 82.0 62.0 95.0 94.0 68.0 61.0 0.0 88.0 47.0 58.0 84.0 15.0 40.0 75.0 70.0 74.0 33.0 69.0 78.0 65.0 92.0 52.0 79.0 40.0 38.0 44.0 30.0 98.0 81.0 77.0 88.0 0.0 88.0 40.0 21.0 93.0 48.0 28.0 34.0 42.0 66.0 57.0 57.0 25.0 30.0 46.0 55.0 65.0 63.0 85.0 80.0 49.0 25.0 21.0 47.0 88.0 0.0 48.0 46.0 46.0 0.0 38.0 35.0 43.0 25.0 46.0 53.0 25.0 56.0 22.0 53.0 30.0 26.0 49.0 38.0 66.0 44.0 39.0 58.0 40.0 48.0 0.0 
10 3 
31 9 36 93 50 50 29 19 26 25 16 25 70 64 94 38 1 30 48 26 79 3 30 43 2 28 23 61 73 60 9 76 76 77 98 5 72 13 66 15 5 15 50 90 50 2 50 50 