2 20 1 2 3 198 125 396 250 5 20
22 18 31 19 
2 0 5 1 0 3 4 0 3 0 1 0 0 5 2 5 0 3 4 2 0 3 0 3 1 0 3 0 1 0 3 5 0 2 0 1 1 0 3 0 
1 1 0 0 0 1 1 0 0 0 
1 1 1 1 1 1 1 1 1 1 1 1 1 1 1 1 1 1 1 1 1 1 1 1 1 1 1 1 1 1 1 1 1 1 1 1 1 1 1 1 1 1 1 1 1 1 1 1 1 1 1 1 1 1 1 1 1 1 1 1 1 1 1 1 1 1 1 1 1 1 1 1 1 1 1 1 1 1 1 1 1 1 1 1 1 1 1 1 1 1 1 1 1 1 1 1 1 1 1 1 
1 5 0 0 1 5 1 2 0 0 2 5 5 5 0 0 3 5 0 0 4 5 0 0 0 0 1 2 4 4 5 5 0 0 5 5 3 3 4 5 0 0 2 3 0 0 1 5 4 5 0 0 2 5 0 0 3 5 0 0 5 5 4 5 0 0 2 4 0 0 3 4 1 3 0 0 5 5 0 0 
1 1 
0.0 20.0 50.0 30.0 44.0 46.0 69.0 93.0 80.0 23.0 50.0 44.0 79.0 78.0 3.0 56.0 56.0 79.0 97.0 23.0 38.0 48.0 99.0 50.0 20.0 0.0 38.0 40.0 25.0 27.0 68.0 78.0 61.0 3.0 32.0 43.0 60.0 78.0 22.0 37.0 55.0 60.0 82.0 27.0 22.0 53.0 87.0 38.0 50.0 38.0 0.0 46.0 40.0 32.0 41.0 44.0 44.0 36.0 22.0 25.0 51.0 51.0 50.0 32.0 32.0 43.0 48.0 35.0 48.0 44.0 50.0 0.0 30.0 40.0 46.0 0.0 62.0 60.0 45.0 87.0 87.0 42.0 58.0 26.0 90.0 52.0 28.0 67.0 34.0 85.0 92.0 14.0 61.0 19.0 89.0 46.0 44.0 25.0 40.0 62.0 0.0 10.0 79.0 69.0 43.0 22.0 22.0 57.0 38.0 90.0 46.0 19.0 68.0 43.0 72.0 49.0 12.0 72.0 82.0 40.0 46.0 27.0 32.0 60.0 10.0 0.0 72.0 60.0 36.0 24.0 12.0 50.0 34.0 82.0 48.0 11.0 61.0 35.0 63.0 46.0 21.0 67.0 72.0 32.0 69.0 68.0 41.0 45.0 79.0 72.0 0.0 63.0 80.0 68.0 63.0 26.0 90.0 11.0 68.0 73.0 14.0 79.0 66.0 47.0 85.0 28.0 57.0 41.0 93.0 78.0 44.0 87.0 69.0 60.0 63.0 0.0 37.0 75.0 49.0 63.0 51.0 68.0 94.0 51.0 62.0 36.0 5.0 78.0 80.0 81.0 17.0 44.0 80.0 61.0 44.0 87.0 43.0 36.0 80.0 37.0 0.0 58.0 31.0 68.0 15.0 89.0 82.0 25.0 74.0 2.0 38.0 74.0 54.0 88.0 53.0 44.0 23.0 3.0 36.0 42.0 22.0 24.0 68.0 75.0 58.0 0.0 29.0 43.0 57.0 77.0 25.0 34.0 55.0 57.0 79.0 29.0 20.0 54.0 85.0 36.0 50.0 32.0 22.0 58.0 22.0 12.0 63.0 49.0 31.0 29.0 0.0 44.0 33.0 73.0 52.0 10.0 53.0 29.0 52.0 45.0 32.0 62.0 60.0 22.0 44.0 43.0 25.0 26.0 57.0 50.0 26.0 63.0 68.0 43.0 44.0 0.0 75.0 36.0 44.0 54.0 13.0 67.0 67.0 23.0 61.0 20.0 63.0 25.0 79.0 60.0 51.0 90.0 38.0 34.0 90.0 51.0 15.0 57.0 33.0 75.0 0.0 100.0 81.0 25.0 83.0 15.0 52.0 77.0 48.0 94.0 67.0 51.0 78.0 78.0 51.0 52.0 90.0 82.0 11.0 68.0 89.0 77.0 73.0 36.0 100.0 0.0 76.0 82.0 24.0 88.0 72.0 56.0 95.0 34.0 61.0 51.0 3.0 22.0 50.0 28.0 46.0 48.0 68.0 94.0 82.0 25.0 52.0 44.0 81.0 76.0 0.0 58.0 55.0 81.0 98.0 22.0 41.0 46.0 100.0 50.0 56.0 37.0 32.0 67.0 19.0 11.0 73.0 51.0 25.0 34.0 10.0 54.0 25.0 82.0 58.0 0.0 63.0 25.0 54.0 53.0 30.0 72.0 65.0 32.0 56.0 55.0 32.0 34.0 68.0 61.0 14.0 62.0 74.0 55.0 53.0 13.0 83.0 24.0 55.0 63.0 0.0 73.0 66.0 34.0 72.0 20.0 60.0 32.0 79.0 60.0 43.0 85.0 43.0 35.0 79.0 36.0 2.0 57.0 29.0 67.0 15.0 88.0 81.0 25.0 73.0 0.0 37.0 73.0 54.0 86.0 52.0 43.0 97.0 82.0 48.0 92.0 72.0 63.0 66.0 5.0 38.0 79.0 52.0 67.0 52.0 72.0 98.0 54.0 66.0 37.0 0.0 83.0 83.0 85.0 17.0 48.0 23.0 27.0 35.0 14.0 49.0 46.0 47.0 78.0 74.0 29.0 45.0 23.0 77.0 56.0 22.0 53.0 34.0 73.0 83.0 0.0 49.0 27.0 82.0 35.0 38.0 22.0 48.0 61.0 12.0 21.0 85.0 80.0 54.0 20.0 32.0 61.0 48.0 95.0 41.0 30.0 72.0 54.0 83.0 49.0 0.0 74.0 92.0 48.0 48.0 53.0 44.0 19.0 72.0 67.0 28.0 81.0 88.0 54.0 62.0 20.0 94.0 34.0 46.0 72.0 20.0 86.0 85.0 27.0 74.0 0.0 79.0 44.0 99.0 87.0 50.0 89.0 82.0 72.0 57.0 17.0 53.0 85.0 60.0 63.0 67.0 61.0 100.0 65.0 60.0 52.0 17.0 82.0 92.0 79.0 0.0 50.0 50.0 38.0 0.0 46.0 40.0 32.0 41.0 44.0 44.0 36.0 22.0 25.0 51.0 51.0 50.0 32.0 32.0 43.0 48.0 35.0 48.0 44.0 50.0 0.0 
15 15 
77 91 80 72 50 50 48 95 90 50 81 46 13 67 35 9 71 12 80 69 70 42 38 71 85 13 3 69 75 93 78 36 26 70 70 13 34 5 56 84 97 59 30 89 19 11 50 50 