2 20 1 2 3 45 125 90 250 5 20
18 22 22 30 
1 0 4 0 3 0 2 1 0 2 1 3 0 4 5 0 0 3 1 2 3 0 0 5 0 5 4 0 4 3 0 2 4 2 0 3 0 3 1 0 
1 0 1 1 0 0 1 0 1 1 
1 1 1 1 1 1 1 1 1 1 1 1 1 1 1 1 1 1 1 1 1 1 1 1 1 1 1 1 1 1 1 1 1 1 1 1 1 1 1 1 1 1 1 1 1 1 1 1 1 1 1 1 1 1 1 1 1 1 1 1 1 1 1 1 1 1 1 1 1 1 1 1 1 1 1 1 1 1 1 1 1 1 1 1 1 1 1 1 1 1 1 1 1 1 1 1 1 1 1 1 
3 5 0 0 1 2 0 0 1 4 0 0 3 5 2 4 0 0 3 4 2 4 3 4 0 0 5 5 4 5 0 0 0 0 1 5 1 4 4 5 5 5 0 0 0 0 3 5 0 0 5 5 1 4 0 0 4 5 5 5 0 0 3 5 4 5 3 5 0 0 1 5 0 0 3 4 1 5 0 0 
1 5 
0.0 67.0 66.0 95.0 52.0 74.0 17.0 98.0 88.0 67.0 20.0 28.0 12.0 67.0 95.0 74.0 65.0 59.0 39.0 100.0 33.0 58.0 85.0 66.0 67.0 0.0 33.0 36.0 38.0 50.0 55.0 64.0 24.0 0.0 48.0 42.0 56.0 8.0 52.0 10.0 23.0 44.0 36.0 34.0 47.0 25.0 44.0 33.0 66.0 33.0 0.0 35.0 15.0 18.0 49.0 37.0 51.0 33.0 53.0 51.0 55.0 25.0 30.0 42.0 53.0 15.0 27.0 51.0 35.0 11.0 20.0 0.0 95.0 36.0 35.0 0.0 49.0 44.0 80.0 43.0 35.0 36.0 79.0 74.0 84.0 31.0 27.0 37.0 56.0 49.0 57.0 24.0 67.0 39.0 27.0 35.0 52.0 38.0 15.0 49.0 0.0 24.0 35.0 47.0 59.0 38.0 42.0 42.0 43.0 32.0 44.0 48.0 54.0 10.0 15.0 63.0 20.0 14.0 34.0 15.0 74.0 50.0 18.0 44.0 24.0 0.0 57.0 24.0 67.0 50.0 65.0 65.0 65.0 43.0 26.0 59.0 71.0 16.0 38.0 64.0 42.0 29.0 19.0 18.0 17.0 55.0 49.0 80.0 35.0 57.0 0.0 81.0 78.0 55.0 18.0 24.0 11.0 54.0 78.0 64.0 58.0 42.0 24.0 87.0 16.0 42.0 69.0 49.0 98.0 64.0 37.0 43.0 47.0 24.0 81.0 0.0 75.0 64.0 88.0 87.0 89.0 57.0 17.0 71.0 86.0 39.0 61.0 66.0 65.0 48.0 20.0 37.0 88.0 24.0 51.0 35.0 59.0 67.0 78.0 75.0 0.0 24.0 69.0 62.0 77.0 28.0 60.0 15.0 29.0 64.0 59.0 18.0 70.0 46.0 56.0 51.0 67.0 0.0 33.0 36.0 38.0 50.0 55.0 64.0 24.0 0.0 48.0 42.0 56.0 8.0 52.0 10.0 23.0 44.0 36.0 34.0 47.0 25.0 44.0 33.0 20.0 48.0 53.0 79.0 42.0 65.0 18.0 88.0 69.0 48.0 0.0 9.0 10.0 49.0 83.0 55.0 46.0 51.0 28.0 81.0 27.0 44.0 73.0 53.0 28.0 42.0 51.0 74.0 42.0 65.0 24.0 87.0 62.0 42.0 9.0 0.0 18.0 44.0 80.0 48.0 37.0 51.0 27.0 75.0 30.0 41.0 71.0 51.0 12.0 56.0 55.0 84.0 43.0 65.0 11.0 89.0 77.0 56.0 10.0 18.0 0.0 56.0 85.0 63.0 55.0 50.0 29.0 89.0 24.0 47.0 75.0 55.0 67.0 8.0 25.0 31.0 32.0 43.0 54.0 57.0 28.0 8.0 49.0 44.0 56.0 0.0 44.0 17.0 30.0 37.0 33.0 34.0 44.0 18.0 37.0 25.0 95.0 52.0 30.0 27.0 44.0 26.0 78.0 17.0 60.0 52.0 83.0 80.0 85.0 44.0 0.0 57.0 74.0 38.0 57.0 50.0 63.0 40.0 10.0 30.0 74.0 10.0 42.0 37.0 48.0 59.0 64.0 71.0 15.0 10.0 55.0 48.0 63.0 17.0 57.0 0.0 20.0 53.0 45.0 28.0 56.0 34.0 51.0 42.0 65.0 23.0 53.0 56.0 54.0 71.0 58.0 86.0 29.0 23.0 46.0 37.0 55.0 30.0 74.0 20.0 0.0 62.0 46.0 46.0 56.0 43.0 66.0 53.0 59.0 44.0 15.0 49.0 10.0 16.0 42.0 39.0 64.0 44.0 51.0 51.0 50.0 37.0 38.0 53.0 62.0 0.0 24.0 65.0 27.0 20.0 29.0 15.0 39.0 36.0 27.0 57.0 15.0 38.0 24.0 61.0 59.0 36.0 28.0 27.0 29.0 33.0 57.0 45.0 46.0 24.0 0.0 66.0 11.0 19.0 47.0 27.0 100.0 34.0 51.0 24.0 63.0 64.0 87.0 66.0 18.0 34.0 81.0 75.0 89.0 34.0 50.0 28.0 46.0 65.0 66.0 0.0 77.0 50.0 49.0 51.0 33.0 47.0 35.0 67.0 20.0 42.0 16.0 65.0 70.0 47.0 27.0 30.0 24.0 44.0 63.0 56.0 56.0 27.0 11.0 77.0 0.0 29.0 54.0 35.0 58.0 25.0 11.0 39.0 14.0 29.0 42.0 48.0 46.0 25.0 44.0 41.0 47.0 18.0 40.0 34.0 43.0 20.0 19.0 50.0 29.0 0.0 30.0 11.0 85.0 44.0 20.0 27.0 34.0 19.0 69.0 20.0 56.0 44.0 73.0 71.0 75.0 37.0 10.0 51.0 66.0 29.0 47.0 49.0 54.0 30.0 0.0 20.0 66.0 33.0 0.0 35.0 15.0 18.0 49.0 37.0 51.0 33.0 53.0 51.0 55.0 25.0 30.0 42.0 53.0 15.0 27.0 51.0 35.0 11.0 20.0 0.0 
1 5 
99 93 76 31 50 50 44 16 57 63 34 58 84 85 14 46 78 8 76 31 97 74 98 66 94 83 69 34 25 34 80 22 98 29 48 64 71 66 62 1 71 77 61 50 33 40 50 50 