4 20 1 4 3 217 125 434 250 5 20
18 14 0 0 22 13 0 0 0 0 13 15 0 0 25 17 
3 0 0 0 5 0 0 1 1 5 0 0 0 0 0 4 5 0 0 0 0 1 5 0 1 0 4 1 0 0 0 3 4 3 4 0 0 0 0 4 1 0 0 0 0 4 1 0 0 0 1 1 0 5 5 0 5 0 0 0 0 0 2 0 0 0 3 0 1 4 1 0 0 0 0 3 4 0 0 5 
0 1 0 1 0 0 0 0 0 0 1 1 0 1 1 0 0 0 1 1 
1 1 1 1 1 1 1 1 1 1 1 1 1 1 1 1 1 1 1 1 1 1 1 1 1 1 1 1 1 1 1 1 1 1 1 1 1 1 1 1 1 1 1 1 1 1 1 1 1 1 1 1 1 1 1 1 1 1 1 1 1 1 1 1 1 1 1 1 1 1 1 1 1 1 1 1 1 1 1 1 1 1 1 1 1 1 1 1 1 1 1 1 1 1 1 1 1 1 1 1 
1 2 0 0 0 0 0 0 2 5 0 0 0 0 4 5 3 5 1 2 0 0 0 0 0 0 0 0 0 0 3 5 5 5 0 0 0 0 0 0 0 0 2 3 1 4 0 0 3 4 0 0 5 5 1 3 0 0 0 0 0 0 5 5 3 4 4 5 5 5 0 0 0 0 0 0 0 0 5 5 2 4 0 0 0 0 0 0 0 0 5 5 1 3 0 0 0 0 0 0 2 4 3 5 0 0 5 5 1 2 0 0 1 4 0 0 0 0 0 0 0 0 0 0 3 4 0 0 0 0 0 0 1 3 0 0 4 4 4 5 5 5 0 0 0 0 0 0 0 0 1 1 1 2 0 0 0 0 4 5 
5 2 1 5 
0.0 30.0 52.0 23.0 55.0 103.0 83.0 83.0 47.0 97.0 89.0 37.0 68.0 117.0 46.0 56.0 27.0 48.0 90.0 100.0 79.0 122.0 85.0 83.0 102.0 55.0 30.0 0.0 23.0 30.0 29.0 79.0 56.0 53.0 22.0 72.0 73.0 9.0 50.0 91.0 17.0 27.0 10.0 27.0 70.0 71.0 50.0 97.0 57.0 54.0 79.0 29.0 52.0 23.0 0.0 52.0 12.0 59.0 34.0 32.0 25.0 52.0 62.0 19.0 39.0 70.0 12.0 16.0 30.0 20.0 54.0 49.0 29.0 77.0 40.0 32.0 60.0 12.0 23.0 30.0 52.0 0.0 59.0 109.0 85.0 78.0 36.0 102.0 102.0 33.0 79.0 121.0 42.0 48.0 22.0 56.0 99.0 97.0 73.0 127.0 74.0 79.0 109.0 59.0 55.0 29.0 12.0 59.0 0.0 51.0 28.0 34.0 36.0 44.0 50.0 27.0 28.0 63.0 22.0 27.0 38.0 13.0 44.0 48.0 34.0 69.0 48.0 34.0 51.0 0.0 103.0 79.0 59.0 109.0 51.0 0.0 28.0 49.0 83.0 8.0 34.0 77.0 39.0 19.0 70.0 71.0 88.0 55.0 22.0 43.0 57.0 19.0 72.0 48.0 4.0 51.0 83.0 56.0 34.0 85.0 28.0 28.0 0.0 24.0 56.0 21.0 46.0 52.0 34.0 37.0 44.0 43.0 64.0 37.0 34.0 26.0 30.0 44.0 46.0 23.0 30.0 28.0 83.0 53.0 32.0 78.0 34.0 49.0 24.0 0.0 44.0 43.0 68.0 47.0 53.0 52.0 38.0 31.0 59.0 46.0 57.0 19.0 8.0 62.0 23.0 1.0 52.0 34.0 47.0 22.0 25.0 36.0 36.0 83.0 56.0 44.0 0.0 75.0 86.0 14.0 63.0 91.0 14.0 14.0 20.0 41.0 79.0 63.0 38.0 99.0 40.0 45.0 83.0 36.0 97.0 72.0 52.0 102.0 44.0 8.0 21.0 43.0 75.0 0.0 35.0 70.0 35.0 22.0 63.0 63.0 81.0 49.0 21.0 38.0 49.0 26.0 65.0 42.0 9.0 44.0 89.0 73.0 62.0 102.0 50.0 34.0 46.0 68.0 86.0 35.0 0.0 75.0 24.0 52.0 72.0 77.0 83.0 47.0 14.0 70.0 74.0 49.0 90.0 68.0 31.0 50.0 37.0 9.0 19.0 33.0 27.0 77.0 52.0 47.0 14.0 70.0 75.0 0.0 52.0 88.0 9.0 19.0 13.0 30.0 70.0 65.0 42.0 95.0 48.0 47.0 77.0 27.0 68.0 50.0 39.0 79.0 28.0 39.0 34.0 53.0 63.0 35.0 24.0 52.0 0.0 57.0 49.0 55.0 59.0 23.0 22.0 60.0 56.0 58.0 72.0 52.0 37.0 28.0 117.0 91.0 70.0 121.0 63.0 19.0 37.0 52.0 91.0 22.0 52.0 88.0 57.0 0.0 80.0 78.0 100.0 70.0 40.0 39.0 59.0 12.0 72.0 51.0 22.0 63.0 46.0 17.0 12.0 42.0 22.0 70.0 44.0 38.0 14.0 63.0 72.0 9.0 49.0 80.0 0.0 12.0 21.0 27.0 65.0 57.0 34.0 88.0 41.0 38.0 71.0 22.0 56.0 27.0 16.0 48.0 27.0 71.0 43.0 31.0 14.0 63.0 77.0 19.0 55.0 78.0 12.0 0.0 30.0 36.0 69.0 50.0 25.0 86.0 30.0 32.0 71.0 27.0 27.0 10.0 30.0 22.0 38.0 88.0 64.0 59.0 20.0 81.0 83.0 13.0 59.0 100.0 21.0 30.0 0.0 37.0 79.0 77.0 54.0 106.0 59.0 59.0 88.0 38.0 48.0 27.0 20.0 56.0 13.0 55.0 37.0 46.0 41.0 49.0 47.0 30.0 23.0 70.0 27.0 36.0 37.0 0.0 44.0 60.0 46.0 74.0 60.0 46.0 54.0 13.0 90.0 70.0 54.0 99.0 44.0 22.0 34.0 57.0 79.0 21.0 14.0 70.0 22.0 40.0 65.0 69.0 79.0 44.0 0.0 56.0 62.0 38.0 78.0 56.0 19.0 44.0 100.0 71.0 49.0 97.0 48.0 43.0 26.0 19.0 63.0 38.0 70.0 65.0 60.0 39.0 57.0 50.0 77.0 60.0 56.0 0.0 26.0 49.0 35.0 19.0 46.0 48.0 79.0 50.0 29.0 73.0 34.0 57.0 30.0 8.0 38.0 49.0 74.0 42.0 56.0 59.0 34.0 25.0 54.0 46.0 62.0 26.0 0.0 69.0 17.0 9.0 58.0 34.0 122.0 97.0 77.0 127.0 69.0 19.0 44.0 62.0 99.0 26.0 49.0 95.0 58.0 12.0 88.0 86.0 106.0 74.0 38.0 49.0 69.0 0.0 83.0 61.0 21.0 69.0 85.0 57.0 40.0 74.0 48.0 72.0 46.0 23.0 40.0 65.0 90.0 48.0 72.0 72.0 41.0 30.0 59.0 60.0 78.0 35.0 17.0 83.0 0.0 24.0 74.0 48.0 83.0 54.0 32.0 79.0 34.0 48.0 23.0 1.0 45.0 42.0 68.0 47.0 52.0 51.0 38.0 32.0 59.0 46.0 56.0 19.0 9.0 61.0 24.0 0.0 51.0 34.0 102.0 79.0 60.0 109.0 51.0 4.0 30.0 52.0 83.0 9.0 31.0 77.0 37.0 22.0 71.0 71.0 88.0 54.0 19.0 46.0 58.0 21.0 74.0 51.0 0.0 51.0 55.0 29.0 12.0 59.0 0.0 51.0 28.0 34.0 36.0 44.0 50.0 27.0 28.0 63.0 22.0 27.0 38.0 13.0 44.0 48.0 34.0 69.0 48.0 34.0 51.0 0.0 
13 9 14 6 
99 74 70 70 49 61 88 94 50 50 18 11 25 38 18 60 54 85 21 18 50 0 62 74 55 23 0 12 54 71 44 76 73 79 61 45 39 8 2 50 21 67 2 1 15 82 18 59 21 9 50 50 