4 20 1 4 3 175 125 350 250 5 20
28 24 0 0 23 28 0 0 0 0 28 23 0 0 20 22 
5 0 0 3 0 5 0 5 5 0 0 0 0 4 4 5 0 3 5 5 3 0 5 3 0 0 4 0 0 3 0 0 5 5 4 5 4 0 5 2 0 0 3 0 1 2 0 2 1 0 1 1 0 5 0 2 3 0 0 0 4 2 2 3 2 4 0 0 3 0 0 1 0 0 3 0 3 4 3 1 
1 1 1 0 0 1 1 1 0 0 0 0 0 0 1 1 0 1 0 1 
1 1 1 1 1 1 1 1 1 1 1 1 1 1 1 1 1 1 1 1 1 1 1 1 1 1 1 1 1 1 1 1 1 1 1 1 1 1 1 1 1 1 1 1 1 1 1 1 1 1 1 1 1 1 1 1 1 1 1 1 1 1 1 1 1 1 1 1 1 1 1 1 1 1 1 1 1 1 1 1 1 1 1 1 1 1 1 1 1 1 1 1 1 1 1 1 1 1 1 1 
2 3 0 0 0 0 3 5 0 0 4 5 0 0 1 5 3 5 0 0 0 0 0 0 0 0 2 4 2 4 3 4 0 0 2 4 1 4 3 5 5 5 0 0 3 5 1 4 0 0 0 0 5 5 0 0 0 0 4 5 0 0 0 0 1 5 1 2 3 4 4 4 5 5 0 0 2 5 3 5 0 0 0 0 1 3 0 0 2 4 2 5 0 0 1 1 4 5 0 0 3 5 1 1 0 0 3 5 0 0 1 2 4 5 0 0 0 0 0 0 1 4 3 5 5 5 3 4 5 5 2 3 0 0 0 0 3 5 0 0 0 0 5 5 0 0 0 0 3 5 0 0 5 5 2 5 3 5 4 5 
2 5 2 5 
0.0 68.0 33.0 19.0 13.0 20.0 39.0 2.0 30.0 33.0 20.0 33.0 51.0 33.0 67.0 39.0 21.0 11.0 30.0 49.0 25.0 35.0 37.0 69.0 42.0 13.0 68.0 0.0 56.0 68.0 58.0 69.0 69.0 67.0 45.0 98.0 59.0 75.0 108.0 96.0 1.0 104.0 70.0 72.0 97.0 112.0 82.0 62.0 48.0 14.0 83.0 58.0 33.0 56.0 0.0 48.0 21.0 18.0 64.0 32.0 14.0 49.0 43.0 62.0 54.0 45.0 56.0 54.0 19.0 28.0 50.0 60.0 57.0 59.0 9.0 50.0 28.0 21.0 19.0 68.0 48.0 0.0 28.0 38.0 20.0 19.0 40.0 47.0 9.0 15.0 67.0 49.0 67.0 53.0 39.0 30.0 42.0 63.0 15.0 19.0 49.0 72.0 61.0 28.0 13.0 58.0 21.0 28.0 0.0 15.0 45.0 13.0 17.0 40.0 24.0 42.0 53.0 38.0 58.0 46.0 16.0 14.0 39.0 54.0 37.0 40.0 24.0 58.0 37.0 0.0 20.0 69.0 18.0 38.0 15.0 0.0 57.0 20.0 24.0 32.0 37.0 52.0 40.0 28.0 68.0 37.0 1.0 11.0 32.0 44.0 44.0 53.0 26.0 66.0 23.0 15.0 39.0 69.0 64.0 20.0 45.0 57.0 0.0 38.0 54.0 66.0 22.0 12.0 86.0 68.0 68.0 71.0 58.0 49.0 61.0 81.0 26.0 8.0 64.0 77.0 80.0 45.0 2.0 67.0 32.0 19.0 13.0 20.0 38.0 0.0 29.0 35.0 19.0 32.0 52.0 34.0 66.0 41.0 21.0 12.0 32.0 50.0 25.0 35.0 36.0 68.0 43.0 13.0 30.0 45.0 14.0 40.0 17.0 24.0 54.0 29.0 0.0 55.0 34.0 54.0 63.0 51.0 45.0 60.0 25.0 29.0 54.0 67.0 52.0 48.0 10.0 42.0 40.0 17.0 33.0 98.0 49.0 47.0 40.0 32.0 66.0 35.0 55.0 0.0 51.0 56.0 23.0 7.0 97.0 7.0 31.0 27.0 6.0 17.0 41.0 65.0 57.0 96.0 37.0 40.0 20.0 59.0 43.0 9.0 24.0 37.0 22.0 19.0 34.0 51.0 0.0 20.0 70.0 52.0 58.0 57.0 38.0 30.0 47.0 67.0 23.0 17.0 43.0 64.0 60.0 24.0 33.0 75.0 62.0 15.0 42.0 52.0 12.0 32.0 54.0 56.0 20.0 0.0 77.0 59.0 74.0 62.0 53.0 43.0 51.0 72.0 16.0 15.0 63.0 82.0 74.0 42.0 51.0 108.0 54.0 67.0 53.0 40.0 86.0 52.0 63.0 23.0 70.0 77.0 0.0 19.0 108.0 19.0 39.0 41.0 29.0 13.0 63.0 85.0 62.0 104.0 31.0 53.0 33.0 96.0 45.0 49.0 38.0 28.0 68.0 34.0 51.0 7.0 52.0 59.0 19.0 0.0 95.0 9.0 28.0 25.0 12.0 17.0 45.0 67.0 53.0 93.0 31.0 38.0 67.0 1.0 56.0 67.0 58.0 68.0 68.0 66.0 45.0 97.0 58.0 74.0 108.0 95.0 0.0 103.0 69.0 71.0 96.0 111.0 81.0 61.0 47.0 15.0 83.0 58.0 39.0 104.0 54.0 53.0 46.0 37.0 71.0 41.0 60.0 7.0 57.0 62.0 19.0 9.0 103.0 0.0 36.0 33.0 12.0 10.0 47.0 71.0 62.0 102.0 39.0 46.0 21.0 70.0 19.0 39.0 16.0 1.0 58.0 21.0 25.0 31.0 38.0 53.0 39.0 28.0 69.0 36.0 0.0 12.0 32.0 43.0 44.0 54.0 26.0 66.0 22.0 16.0 11.0 72.0 28.0 30.0 14.0 11.0 49.0 12.0 29.0 27.0 30.0 43.0 41.0 25.0 71.0 33.0 12.0 0.0 25.0 41.0 33.0 46.0 33.0 71.0 32.0 14.0 30.0 97.0 50.0 42.0 39.0 32.0 61.0 32.0 54.0 6.0 47.0 51.0 29.0 12.0 96.0 12.0 32.0 25.0 0.0 22.0 36.0 60.0 57.0 96.0 41.0 39.0 49.0 112.0 60.0 63.0 54.0 44.0 81.0 50.0 67.0 17.0 67.0 72.0 13.0 17.0 111.0 10.0 43.0 41.0 22.0 0.0 57.0 81.0 68.0 109.0 40.0 54.0 25.0 82.0 57.0 15.0 37.0 44.0 26.0 25.0 52.0 41.0 23.0 16.0 63.0 45.0 81.0 47.0 44.0 33.0 36.0 57.0 0.0 28.0 60.0 86.0 64.0 37.0 35.0 62.0 59.0 19.0 40.0 53.0 8.0 35.0 48.0 65.0 17.0 15.0 85.0 67.0 61.0 71.0 54.0 46.0 60.0 81.0 28.0 0.0 57.0 70.0 76.0 40.0 37.0 48.0 9.0 49.0 24.0 26.0 64.0 36.0 10.0 57.0 43.0 63.0 62.0 53.0 47.0 62.0 26.0 33.0 57.0 68.0 60.0 57.0 0.0 42.0 36.0 24.0 69.0 14.0 50.0 72.0 58.0 66.0 77.0 68.0 42.0 96.0 64.0 82.0 104.0 93.0 15.0 102.0 66.0 71.0 96.0 109.0 86.0 70.0 42.0 0.0 77.0 58.0 42.0 83.0 28.0 61.0 37.0 23.0 80.0 43.0 40.0 37.0 60.0 74.0 31.0 31.0 83.0 39.0 22.0 32.0 41.0 40.0 64.0 76.0 36.0 77.0 0.0 37.0 13.0 58.0 21.0 28.0 0.0 15.0 45.0 13.0 17.0 40.0 24.0 42.0 53.0 38.0 58.0 46.0 16.0 14.0 39.0 54.0 37.0 40.0 24.0 58.0 37.0 0.0 
5 5 1 12 
37 50 90 8 68 59 28 34 50 50 51 64 22 15 38 49 66 46 24 80 36 31 17 25 34 100 30 82 89 8 22 86 51 65 41 60 21 75 22 96 15 40 29 16 73 52 98 19 60 85 50 50 