4 20 1 4 3 305 125 609 250 5 20
27 18 0 0 23 20 0 0 0 0 13 25 0 0 20 21 
0 0 4 5 5 0 0 0 0 0 2 0 0 4 0 2 0 2 0 2 3 3 0 0 0 0 2 2 0 0 0 2 0 4 2 0 5 2 0 0 4 1 4 0 1 2 0 0 5 2 3 0 5 5 0 5 0 0 1 5 0 2 0 0 0 0 5 2 3 4 1 2 3 4 0 0 4 0 0 2 
1 0 1 0 0 0 0 0 1 0 0 1 0 0 0 0 1 0 1 1 
1 1 1 1 1 1 1 1 1 1 1 1 1 1 1 1 1 1 1 1 1 1 1 1 1 1 1 1 1 1 1 1 1 1 1 1 1 1 1 1 1 1 1 1 1 1 1 1 1 1 1 1 1 1 1 1 1 1 1 1 1 1 1 1 1 1 1 1 1 1 1 1 1 1 1 1 1 1 1 1 1 1 1 1 1 1 1 1 1 1 1 1 1 1 1 1 1 1 1 1 
0 0 0 0 5 5 2 4 4 5 0 0 0 0 0 0 0 0 0 0 5 5 0 0 0 0 1 3 0 0 2 3 0 0 2 5 0 0 5 5 3 4 1 4 0 0 0 0 0 0 0 0 1 5 4 5 0 0 0 0 0 0 3 5 0 0 1 2 1 3 0 0 4 5 2 2 0 0 0 0 3 5 3 5 1 2 0 0 1 2 4 5 0 0 0 0 4 5 5 5 5 5 0 0 4 5 3 5 0 0 3 3 0 0 0 0 4 5 4 5 0 0 3 5 0 0 0 0 0 0 0 0 5 5 5 5 1 2 4 4 3 4 4 5 1 4 4 5 0 0 0 0 2 2 0 0 0 0 4 5 
3 5 4 2 
0.0 31.0 30.0 39.0 30.0 35.0 46.0 40.0 50.0 36.0 17.0 47.0 21.0 16.0 25.0 59.0 39.0 69.0 64.0 35.0 62.0 3.0 26.0 45.0 36.0 30.0 31.0 0.0 21.0 65.0 60.0 46.0 76.0 68.0 78.0 52.0 40.0 54.0 19.0 25.0 55.0 86.0 67.0 97.0 82.0 37.0 79.0 32.0 41.0 73.0 66.0 60.0 30.0 21.0 0.0 54.0 58.0 59.0 71.0 69.0 79.0 35.0 45.0 69.0 33.0 35.0 49.0 88.0 69.0 97.0 92.0 52.0 90.0 33.0 52.0 64.0 63.0 58.0 39.0 65.0 54.0 0.0 29.0 66.0 26.0 41.0 48.0 27.0 45.0 78.0 59.0 53.0 18.0 56.0 43.0 56.0 78.0 70.0 80.0 39.0 57.0 11.0 27.0 29.0 30.0 60.0 58.0 29.0 0.0 42.0 19.0 13.0 23.0 47.0 25.0 52.0 46.0 39.0 15.0 32.0 15.0 39.0 49.0 50.0 51.0 28.0 35.0 27.0 8.0 0.0 35.0 46.0 59.0 66.0 42.0 0.0 59.0 41.0 46.0 70.0 22.0 13.0 28.0 25.0 49.0 51.0 38.0 67.0 38.0 13.0 33.0 33.0 10.0 67.0 48.0 42.0 46.0 76.0 71.0 26.0 19.0 59.0 0.0 22.0 26.0 50.0 43.0 69.0 63.0 57.0 22.0 33.0 25.0 31.0 59.0 67.0 62.0 44.0 53.0 17.0 11.0 19.0 40.0 68.0 69.0 41.0 13.0 41.0 22.0 0.0 10.0 60.0 30.0 49.0 52.0 45.0 28.0 19.0 4.0 30.0 38.0 51.0 41.0 38.0 36.0 36.0 14.0 13.0 50.0 78.0 79.0 48.0 23.0 46.0 26.0 10.0 0.0 69.0 39.0 53.0 61.0 54.0 37.0 10.0 11.0 22.0 35.0 58.0 39.0 47.0 43.0 42.0 22.0 23.0 36.0 52.0 35.0 27.0 47.0 70.0 50.0 60.0 69.0 0.0 50.0 83.0 53.0 50.0 32.0 78.0 61.0 80.0 93.0 70.0 93.0 38.0 61.0 37.0 48.0 47.0 17.0 40.0 45.0 45.0 25.0 22.0 43.0 30.0 39.0 50.0 0.0 34.0 23.0 16.0 28.0 47.0 28.0 59.0 48.0 26.0 46.0 14.0 13.0 48.0 32.0 25.0 47.0 54.0 69.0 78.0 52.0 13.0 69.0 49.0 53.0 83.0 34.0 0.0 37.0 36.0 60.0 56.0 46.0 73.0 35.0 19.0 30.0 45.0 22.0 78.0 58.0 52.0 21.0 19.0 33.0 59.0 46.0 28.0 63.0 52.0 61.0 53.0 23.0 37.0 0.0 7.0 45.0 68.0 50.0 81.0 63.0 20.0 60.0 20.0 22.0 65.0 53.0 46.0 16.0 25.0 35.0 53.0 39.0 25.0 57.0 45.0 54.0 50.0 16.0 36.0 7.0 0.0 38.0 62.0 44.0 75.0 59.0 20.0 56.0 15.0 18.0 59.0 46.0 39.0 25.0 55.0 49.0 18.0 15.0 49.0 22.0 28.0 37.0 32.0 28.0 60.0 45.0 38.0 0.0 46.0 29.0 50.0 63.0 54.0 64.0 25.0 40.0 21.0 16.0 15.0 59.0 86.0 88.0 56.0 32.0 51.0 33.0 19.0 10.0 78.0 47.0 56.0 68.0 62.0 46.0 0.0 20.0 17.0 32.0 63.0 37.0 56.0 49.0 49.0 31.0 32.0 39.0 67.0 69.0 43.0 15.0 38.0 25.0 4.0 11.0 61.0 28.0 46.0 50.0 44.0 29.0 20.0 0.0 32.0 36.0 48.0 38.0 37.0 33.0 39.0 17.0 15.0 69.0 97.0 97.0 56.0 39.0 67.0 31.0 30.0 22.0 80.0 59.0 73.0 81.0 75.0 50.0 17.0 32.0 0.0 48.0 78.0 53.0 66.0 64.0 47.0 34.0 39.0 64.0 82.0 92.0 78.0 49.0 38.0 59.0 38.0 35.0 93.0 48.0 35.0 63.0 59.0 63.0 32.0 36.0 48.0 0.0 50.0 7.0 61.0 42.0 74.0 52.0 49.0 35.0 37.0 52.0 70.0 50.0 13.0 67.0 51.0 58.0 70.0 26.0 19.0 20.0 20.0 54.0 63.0 48.0 78.0 50.0 0.0 45.0 33.0 16.0 73.0 56.0 50.0 62.0 79.0 90.0 80.0 51.0 33.0 62.0 41.0 39.0 93.0 46.0 30.0 60.0 56.0 64.0 37.0 38.0 53.0 7.0 45.0 0.0 59.0 39.0 76.0 54.0 51.0 3.0 32.0 33.0 39.0 28.0 33.0 44.0 38.0 47.0 38.0 14.0 45.0 20.0 15.0 25.0 56.0 37.0 66.0 61.0 33.0 59.0 0.0 24.0 45.0 35.0 28.0 26.0 41.0 52.0 57.0 35.0 10.0 53.0 36.0 43.0 61.0 13.0 22.0 22.0 18.0 40.0 49.0 33.0 64.0 42.0 16.0 39.0 24.0 0.0 59.0 42.0 35.0 45.0 73.0 64.0 11.0 27.0 67.0 17.0 36.0 42.0 37.0 48.0 78.0 65.0 59.0 21.0 49.0 39.0 47.0 74.0 73.0 76.0 45.0 59.0 0.0 22.0 27.0 36.0 66.0 63.0 27.0 8.0 48.0 11.0 14.0 22.0 48.0 32.0 58.0 53.0 46.0 16.0 31.0 17.0 34.0 52.0 56.0 54.0 35.0 42.0 22.0 0.0 8.0 30.0 60.0 58.0 29.0 0.0 42.0 19.0 13.0 23.0 47.0 25.0 52.0 46.0 39.0 15.0 32.0 15.0 39.0 49.0 50.0 51.0 28.0 35.0 27.0 8.0 0.0 
9 15 14 11 
30 28 15 2 2 18 26 66 50 50 60 10 51 68 63 50 72 54 4 52 46 26 69 2 33 8 36 14 36 52 81 56 64 47 81 73 93 27 51 1 91 21 33 28 53 16 35 72 51 57 50 50 