4 20 1 4 3 145 125 290 250 5 20
13 16 0 0 22 27 0 0 0 0 20 20 0 0 12 21 
3 2 0 5 5 3 2 1 5 0 0 1 0 0 1 5 4 5 0 0 1 0 1 0 0 4 2 2 0 0 0 2 0 4 5 0 3 0 1 0 1 0 0 0 0 2 2 3 0 0 5 2 0 0 1 3 2 2 0 0 0 0 2 3 1 1 0 3 0 2 0 1 0 0 2 0 0 4 0 0 
1 1 0 0 1 1 0 0 0 0 1 0 1 1 0 0 0 0 0 0 
1 1 1 1 1 1 1 1 1 1 1 1 1 1 1 1 1 1 1 1 1 1 1 1 1 1 1 1 1 1 1 1 1 1 1 1 1 1 1 1 1 1 1 1 1 1 1 1 1 1 1 1 1 1 1 1 1 1 1 1 1 1 1 1 1 1 1 1 1 1 1 1 1 1 1 1 1 1 1 1 1 1 1 1 1 1 1 1 1 1 1 1 1 1 1 1 1 1 1 1 
2 4 4 4 0 0 4 5 4 5 1 5 2 2 1 4 2 3 0 0 0 0 4 5 0 0 0 0 1 5 5 5 4 5 5 5 0 0 0 0 4 5 0 0 5 5 0 0 0 0 2 5 2 2 2 3 0 0 0 0 0 0 5 5 0 0 4 5 4 5 0 0 1 3 0 0 3 5 0 0 5 5 0 0 0 0 0 0 0 0 3 4 5 5 3 5 0 0 0 0 5 5 5 5 0 0 0 0 5 5 5 5 2 4 3 4 0 0 0 0 0 0 0 0 3 5 1 5 2 5 1 2 0 0 3 4 0 0 1 1 0 0 2 5 0 0 0 0 2 5 0 0 0 0 4 5 0 0 0 0 
4 1 5 5 
0.0 54.0 73.0 59.0 26.0 22.0 38.0 75.0 14.0 62.0 54.0 30.0 47.0 9.0 59.0 5.0 21.0 27.0 61.0 77.0 30.0 62.0 19.0 10.0 21.0 26.0 54.0 0.0 115.0 100.0 56.0 38.0 41.0 97.0 47.0 82.0 43.0 56.0 93.0 47.0 11.0 55.0 71.0 63.0 58.0 84.0 82.0 78.0 70.0 61.0 73.0 56.0 73.0 115.0 0.0 15.0 59.0 78.0 77.0 43.0 86.0 48.0 85.0 59.0 87.0 74.0 114.0 68.0 75.0 53.0 78.0 68.0 51.0 55.0 56.0 75.0 69.0 59.0 59.0 100.0 15.0 0.0 44.0 63.0 62.0 36.0 73.0 36.0 70.0 44.0 79.0 59.0 99.0 55.0 65.0 38.0 64.0 58.0 42.0 43.0 43.0 62.0 59.0 44.0 26.0 56.0 59.0 44.0 0.0 19.0 22.0 51.0 37.0 37.0 35.0 4.0 68.0 21.0 56.0 22.0 44.0 8.0 38.0 52.0 37.0 37.0 26.0 35.0 41.0 0.0 22.0 38.0 78.0 63.0 19.0 0.0 18.0 67.0 26.0 52.0 32.0 21.0 68.0 13.0 40.0 21.0 43.0 25.0 42.0 63.0 47.0 51.0 35.0 32.0 43.0 19.0 38.0 41.0 77.0 62.0 22.0 18.0 0.0 57.0 43.0 42.0 16.0 20.0 84.0 30.0 38.0 35.0 59.0 29.0 25.0 48.0 57.0 38.0 46.0 48.0 57.0 22.0 75.0 97.0 43.0 36.0 51.0 67.0 57.0 0.0 86.0 16.0 57.0 48.0 108.0 71.0 93.0 70.0 88.0 49.0 45.0 27.0 69.0 20.0 66.0 82.0 83.0 51.0 14.0 47.0 86.0 73.0 37.0 26.0 43.0 86.0 0.0 73.0 57.0 40.0 48.0 17.0 53.0 19.0 25.0 39.0 67.0 87.0 41.0 73.0 32.0 16.0 28.0 37.0 62.0 82.0 48.0 36.0 37.0 52.0 42.0 16.0 73.0 0.0 43.0 34.0 98.0 57.0 78.0 57.0 77.0 36.0 32.0 23.0 61.0 8.0 55.0 69.0 72.0 37.0 54.0 43.0 85.0 70.0 35.0 32.0 16.0 57.0 57.0 43.0 0.0 33.0 100.0 45.0 37.0 51.0 74.0 42.0 15.0 41.0 72.0 37.0 61.0 64.0 73.0 35.0 30.0 56.0 59.0 44.0 4.0 21.0 20.0 48.0 40.0 34.0 33.0 0.0 72.0 24.0 56.0 25.0 48.0 10.0 35.0 48.0 40.0 33.0 30.0 39.0 44.0 4.0 47.0 93.0 87.0 79.0 68.0 68.0 84.0 108.0 48.0 98.0 100.0 72.0 0.0 56.0 101.0 49.0 26.0 65.0 105.0 118.0 39.0 102.0 44.0 37.0 28.0 68.0 9.0 47.0 74.0 59.0 21.0 13.0 30.0 71.0 17.0 57.0 45.0 24.0 56.0 0.0 51.0 9.0 30.0 23.0 53.0 71.0 36.0 57.0 24.0 19.0 30.0 21.0 59.0 11.0 114.0 99.0 56.0 40.0 38.0 93.0 53.0 78.0 37.0 56.0 101.0 51.0 0.0 59.0 77.0 63.0 51.0 77.0 86.0 73.0 74.0 67.0 79.0 56.0 5.0 55.0 68.0 55.0 22.0 21.0 35.0 70.0 19.0 57.0 51.0 25.0 49.0 9.0 59.0 0.0 24.0 22.0 57.0 73.0 28.0 58.0 16.0 14.0 22.0 22.0 21.0 71.0 75.0 65.0 44.0 43.0 59.0 88.0 25.0 77.0 74.0 48.0 26.0 30.0 77.0 24.0 0.0 42.0 80.0 95.0 25.0 79.0 23.0 11.0 7.0 44.0 27.0 63.0 53.0 38.0 8.0 25.0 29.0 49.0 39.0 36.0 42.0 10.0 65.0 23.0 63.0 22.0 42.0 0.0 43.0 54.0 31.0 38.0 22.0 34.0 38.0 8.0 61.0 58.0 78.0 64.0 38.0 42.0 25.0 45.0 67.0 32.0 15.0 35.0 105.0 53.0 51.0 57.0 80.0 43.0 0.0 27.0 74.0 26.0 64.0 71.0 78.0 38.0 77.0 84.0 68.0 58.0 52.0 63.0 48.0 27.0 87.0 23.0 41.0 48.0 118.0 71.0 77.0 73.0 95.0 54.0 27.0 0.0 82.0 18.0 75.0 86.0 91.0 52.0 30.0 82.0 51.0 42.0 37.0 47.0 57.0 69.0 41.0 61.0 72.0 40.0 39.0 36.0 86.0 28.0 25.0 31.0 74.0 82.0 0.0 65.0 13.0 27.0 19.0 37.0 62.0 78.0 55.0 43.0 37.0 51.0 38.0 20.0 73.0 8.0 37.0 33.0 102.0 57.0 73.0 58.0 79.0 38.0 26.0 18.0 65.0 0.0 58.0 71.0 75.0 37.0 19.0 70.0 56.0 43.0 26.0 35.0 46.0 66.0 32.0 55.0 61.0 30.0 44.0 24.0 74.0 16.0 23.0 22.0 64.0 75.0 13.0 58.0 0.0 19.0 18.0 26.0 10.0 61.0 75.0 62.0 35.0 32.0 48.0 82.0 16.0 69.0 64.0 39.0 37.0 19.0 67.0 14.0 11.0 34.0 71.0 86.0 27.0 71.0 19.0 0.0 13.0 35.0 21.0 73.0 69.0 59.0 41.0 43.0 57.0 83.0 28.0 72.0 73.0 44.0 28.0 30.0 79.0 22.0 7.0 38.0 78.0 91.0 19.0 75.0 18.0 13.0 0.0 41.0 26.0 56.0 59.0 44.0 0.0 19.0 22.0 51.0 37.0 37.0 35.0 4.0 68.0 21.0 56.0 22.0 44.0 8.0 38.0 52.0 37.0 37.0 26.0 35.0 41.0 0.0 
3 8 7 8 
59 74 7 85 94 11 82 20 50 50 39 65 29 51 53 0 53 86 47 14 16 43 48 47 99 97 51 70 1 76 59 69 77 84 57 48 19 29 27 4 85 61 40 15 73 62 67 80 79 78 50 50 