4 20 1 4 3 138 125 275 250 5 20
23 26 0 0 20 17 0 0 0 0 20 26 0 0 26 16 
4 5 0 0 0 1 2 3 0 5 0 4 1 0 0 0 1 0 3 0 4 5 0 2 0 1 0 0 2 0 0 1 5 0 5 2 1 4 0 2 3 1 3 0 1 5 0 0 1 0 4 2 1 1 0 0 3 0 0 1 0 0 3 5 3 2 0 0 0 0 5 3 0 1 1 1 0 0 4 3 
1 0 1 1 1 0 1 0 0 1 0 1 0 1 0 0 0 0 1 0 
1 1 1 1 1 1 1 1 1 1 1 1 1 1 1 1 1 1 1 1 1 1 1 1 1 1 1 1 1 1 1 1 1 1 1 1 1 1 1 1 1 1 1 1 1 1 1 1 1 1 1 1 1 1 1 1 1 1 1 1 1 1 1 1 1 1 1 1 1 1 1 1 1 1 1 1 1 1 1 1 1 1 1 1 1 1 1 1 1 1 1 1 1 1 1 1 1 1 1 1 
2 4 4 5 0 0 0 0 0 0 5 5 1 5 5 5 0 0 3 4 0 0 2 4 1 2 0 0 0 0 0 0 5 5 0 0 4 4 0 0 1 5 3 4 0 0 2 3 0 0 1 2 0 0 0 0 1 3 0 0 0 0 3 4 2 4 0 0 3 4 5 5 5 5 1 5 0 0 5 5 1 4 1 5 5 5 0 0 3 5 3 5 0 0 0 0 4 5 0 0 4 5 5 5 2 2 4 5 0 0 0 0 5 5 0 0 0 0 1 3 0 0 0 0 4 5 1 2 1 4 1 5 0 0 0 0 0 0 0 0 3 4 3 4 0 0 4 5 5 5 5 5 0 0 0 0 5 5 1 5 
1 4 5 5 
0.0 84.0 28.0 44.0 40.0 42.0 32.0 54.0 45.0 64.0 73.0 65.0 75.0 78.0 45.0 85.0 31.0 66.0 46.0 59.0 30.0 12.0 56.0 8.0 71.0 40.0 84.0 0.0 94.0 43.0 46.0 43.0 68.0 32.0 74.0 29.0 52.0 23.0 35.0 57.0 71.0 9.0 63.0 24.0 51.0 85.0 83.0 82.0 31.0 78.0 24.0 46.0 28.0 94.0 0.0 61.0 48.0 54.0 27.0 62.0 31.0 68.0 66.0 80.0 94.0 69.0 32.0 97.0 31.0 82.0 68.0 39.0 13.0 39.0 72.0 25.0 75.0 48.0 44.0 43.0 61.0 0.0 21.0 12.0 41.0 22.0 55.0 35.0 58.0 23.0 33.0 64.0 53.0 43.0 35.0 23.0 14.0 71.0 54.0 40.0 13.0 40.0 39.0 21.0 40.0 46.0 48.0 21.0 0.0 9.0 24.0 15.0 36.0 25.0 40.0 33.0 50.0 47.0 33.0 49.0 18.0 35.0 34.0 51.0 39.0 41.0 25.0 34.0 31.0 0.0 42.0 43.0 54.0 12.0 9.0 0.0 31.0 14.0 44.0 27.0 47.0 27.0 42.0 53.0 41.0 44.0 25.0 28.0 26.0 59.0 45.0 41.0 18.0 36.0 32.0 9.0 32.0 68.0 27.0 41.0 24.0 31.0 0.0 36.0 17.0 41.0 43.0 56.0 73.0 47.0 15.0 72.0 6.0 58.0 52.0 33.0 16.0 39.0 49.0 24.0 48.0 24.0 54.0 32.0 62.0 22.0 15.0 14.0 36.0 0.0 45.0 14.0 37.0 23.0 42.0 43.0 42.0 36.0 31.0 26.0 35.0 59.0 51.0 54.0 19.0 48.0 19.0 15.0 45.0 74.0 31.0 55.0 36.0 44.0 17.0 45.0 0.0 45.0 37.0 67.0 85.0 39.0 3.0 80.0 22.0 70.0 67.0 17.0 19.0 54.0 61.0 38.0 52.0 36.0 64.0 29.0 68.0 35.0 25.0 27.0 41.0 14.0 45.0 0.0 27.0 31.0 51.0 32.0 43.0 36.0 38.0 34.0 49.0 56.0 56.0 65.0 30.0 57.0 8.0 25.0 73.0 52.0 66.0 58.0 40.0 47.0 43.0 37.0 37.0 27.0 0.0 57.0 77.0 7.0 35.0 60.0 42.0 60.0 71.0 40.0 54.0 78.0 55.0 65.0 29.0 40.0 65.0 23.0 80.0 23.0 33.0 27.0 56.0 23.0 67.0 31.0 57.0 0.0 21.0 63.0 64.0 21.0 51.0 3.0 29.0 81.0 71.0 62.0 10.0 61.0 30.0 33.0 75.0 35.0 94.0 33.0 50.0 42.0 73.0 42.0 85.0 51.0 77.0 21.0 0.0 83.0 82.0 28.0 67.0 18.0 30.0 100.0 86.0 68.0 25.0 72.0 50.0 50.0 78.0 57.0 69.0 64.0 47.0 53.0 47.0 43.0 39.0 32.0 7.0 63.0 83.0 0.0 38.0 65.0 48.0 66.0 78.0 40.0 57.0 83.0 61.0 70.0 34.0 47.0 45.0 71.0 32.0 53.0 33.0 41.0 15.0 42.0 3.0 43.0 35.0 64.0 82.0 38.0 0.0 77.0 20.0 67.0 64.0 19.0 20.0 53.0 58.0 37.0 49.0 33.0 85.0 9.0 97.0 43.0 49.0 44.0 72.0 36.0 80.0 36.0 60.0 21.0 28.0 65.0 77.0 0.0 67.0 21.0 48.0 92.0 87.0 82.0 30.0 80.0 32.0 49.0 31.0 63.0 31.0 35.0 18.0 25.0 6.0 31.0 22.0 38.0 42.0 51.0 67.0 48.0 20.0 67.0 0.0 53.0 46.0 38.0 21.0 37.0 43.0 23.0 45.0 18.0 66.0 24.0 82.0 23.0 35.0 28.0 58.0 26.0 70.0 34.0 60.0 3.0 18.0 66.0 67.0 21.0 53.0 0.0 28.0 84.0 73.0 62.0 11.0 62.0 33.0 35.0 46.0 51.0 68.0 14.0 34.0 26.0 52.0 35.0 67.0 49.0 71.0 29.0 30.0 78.0 64.0 48.0 46.0 28.0 0.0 83.0 63.0 39.0 22.0 45.0 52.0 34.0 59.0 85.0 39.0 71.0 51.0 59.0 33.0 59.0 17.0 56.0 40.0 81.0 100.0 40.0 19.0 92.0 38.0 84.0 83.0 0.0 31.0 69.0 75.0 52.0 62.0 51.0 30.0 83.0 13.0 54.0 39.0 45.0 16.0 51.0 19.0 56.0 54.0 71.0 86.0 57.0 20.0 87.0 21.0 73.0 63.0 31.0 0.0 40.0 63.0 24.0 63.0 39.0 12.0 82.0 39.0 40.0 41.0 41.0 39.0 54.0 54.0 65.0 78.0 62.0 68.0 83.0 53.0 82.0 37.0 62.0 39.0 69.0 40.0 0.0 53.0 17.0 72.0 41.0 56.0 31.0 72.0 13.0 25.0 18.0 49.0 19.0 61.0 30.0 55.0 10.0 25.0 61.0 58.0 30.0 43.0 11.0 22.0 75.0 63.0 53.0 0.0 52.0 31.0 25.0 8.0 78.0 25.0 40.0 34.0 36.0 24.0 48.0 38.0 57.0 65.0 61.0 72.0 70.0 37.0 80.0 23.0 62.0 45.0 52.0 24.0 17.0 52.0 0.0 64.0 34.0 71.0 24.0 75.0 39.0 31.0 32.0 48.0 19.0 52.0 8.0 29.0 30.0 50.0 34.0 49.0 32.0 45.0 33.0 52.0 62.0 63.0 72.0 31.0 64.0 0.0 31.0 40.0 46.0 48.0 21.0 0.0 9.0 24.0 15.0 36.0 25.0 40.0 33.0 50.0 47.0 33.0 49.0 18.0 35.0 34.0 51.0 39.0 41.0 25.0 34.0 31.0 0.0 
1 7 4 11 
56 11 62 94 29 7 70 52 50 50 58 52 34 33 52 64 18 35 42 73 16 71 72 74 92 76 10 73 20 37 71 94 39 36 75 74 83 48 2 34 28 19 67 13 70 65 51 17 43 80 50 50 