4 20 1 4 3 167 125 333 250 5 20
34 23 0 0 33 23 0 0 0 0 13 17 0 0 11 18 
5 4 2 0 2 5 5 2 1 0 0 0 4 0 0 0 0 1 1 0 0 0 0 2 0 0 3 0 0 2 3 4 2 2 0 0 0 2 0 1 0 3 0 0 5 0 1 0 0 4 1 0 0 0 0 1 0 0 0 4 3 0 3 0 5 2 2 1 5 3 0 0 0 4 0 4 4 1 0 1 
1 0 1 0 0 1 1 1 0 1 0 0 0 1 1 0 1 1 1 0 
1 1 1 1 1 1 1 1 1 1 1 1 1 1 1 1 1 1 1 1 1 1 1 1 1 1 1 1 1 1 1 1 1 1 1 1 1 1 1 1 1 1 1 1 1 1 1 1 1 1 1 1 1 1 1 1 1 1 1 1 1 1 1 1 1 1 1 1 1 1 1 1 1 1 1 1 1 1 1 1 1 1 1 1 1 1 1 1 1 1 1 1 1 1 1 1 1 1 1 1 
2 2 5 5 4 4 0 0 5 5 3 5 3 4 5 5 5 5 0 0 0 0 0 0 1 3 0 0 0 0 0 0 0 0 2 3 5 5 0 0 0 0 0 0 0 0 2 3 0 0 0 0 5 5 0 0 0 0 5 5 5 5 3 5 4 5 3 4 0 0 0 0 0 0 1 5 0 0 2 2 0 0 3 5 0 0 0 0 4 5 0 0 3 5 0 0 0 0 3 4 4 5 0 0 0 0 0 0 0 0 5 5 0 0 0 0 0 0 4 5 5 5 0 0 3 5 0 0 2 3 4 4 4 5 5 5 5 5 5 5 0 0 0 0 0 0 5 5 0 0 3 4 1 3 2 4 0 0 2 3 
4 1 2 2 
0.0 74.0 37.0 95.0 64.0 86.0 28.0 30.0 118.0 48.0 107.0 92.0 43.0 68.0 63.0 18.0 24.0 12.0 95.0 102.0 56.0 53.0 85.0 114.0 81.0 64.0 74.0 0.0 39.0 31.0 33.0 30.0 60.0 74.0 65.0 54.0 45.0 38.0 41.0 25.0 55.0 77.0 65.0 78.0 47.0 32.0 47.0 68.0 29.0 61.0 65.0 33.0 37.0 39.0 0.0 59.0 31.0 57.0 23.0 39.0 84.0 28.0 71.0 57.0 25.0 39.0 41.0 39.0 28.0 40.0 61.0 65.0 30.0 42.0 56.0 80.0 58.0 31.0 95.0 31.0 59.0 0.0 34.0 56.0 73.0 86.0 35.0 59.0 15.0 14.0 69.0 55.0 52.0 92.0 79.0 96.0 22.0 12.0 50.0 70.0 55.0 31.0 53.0 34.0 64.0 33.0 31.0 34.0 0.0 61.0 40.0 52.0 54.0 26.0 44.0 28.0 50.0 50.0 23.0 59.0 46.0 63.0 31.0 44.0 17.0 38.0 61.0 50.0 34.0 0.0 86.0 30.0 57.0 56.0 61.0 0.0 79.0 95.0 90.0 79.0 69.0 65.0 44.0 18.0 83.0 93.0 83.0 93.0 75.0 51.0 74.0 93.0 1.0 86.0 94.0 61.0 28.0 60.0 23.0 73.0 40.0 79.0 0.0 16.0 92.0 20.0 83.0 68.0 44.0 62.0 36.0 19.0 6.0 24.0 69.0 82.0 29.0 27.0 78.0 88.0 54.0 40.0 30.0 74.0 39.0 86.0 52.0 95.0 16.0 0.0 101.0 28.0 94.0 79.0 58.0 77.0 42.0 14.0 12.0 21.0 79.0 95.0 38.0 26.0 94.0 97.0 58.0 52.0 118.0 65.0 84.0 35.0 54.0 90.0 92.0 101.0 0.0 73.0 21.0 29.0 100.0 89.0 60.0 110.0 97.0 115.0 24.0 40.0 63.0 78.0 89.0 5.0 49.0 54.0 48.0 54.0 28.0 59.0 26.0 79.0 20.0 28.0 73.0 0.0 67.0 51.0 53.0 64.0 16.0 37.0 25.0 43.0 51.0 70.0 11.0 15.0 78.0 70.0 34.0 26.0 107.0 45.0 71.0 15.0 44.0 69.0 83.0 94.0 21.0 67.0 0.0 16.0 83.0 69.0 57.0 102.0 89.0 106.0 20.0 19.0 57.0 75.0 69.0 18.0 53.0 44.0 92.0 38.0 57.0 14.0 28.0 65.0 68.0 79.0 29.0 51.0 16.0 0.0 72.0 62.0 42.0 87.0 74.0 91.0 10.0 25.0 41.0 60.0 65.0 25.0 40.0 28.0 43.0 41.0 25.0 69.0 50.0 44.0 44.0 58.0 100.0 53.0 83.0 72.0 0.0 26.0 65.0 53.0 46.0 51.0 78.0 73.0 54.0 66.0 43.0 96.0 81.0 50.0 68.0 25.0 39.0 55.0 50.0 18.0 62.0 77.0 89.0 64.0 69.0 62.0 26.0 0.0 71.0 75.0 66.0 75.0 70.0 55.0 61.0 78.0 17.0 85.0 84.0 50.0 63.0 55.0 41.0 52.0 23.0 83.0 36.0 42.0 60.0 16.0 57.0 42.0 65.0 71.0 0.0 52.0 41.0 58.0 39.0 64.0 11.0 19.0 83.0 57.0 19.0 23.0 18.0 77.0 39.0 92.0 59.0 93.0 19.0 14.0 110.0 37.0 102.0 87.0 53.0 75.0 52.0 0.0 14.0 7.0 88.0 101.0 47.0 38.0 92.0 107.0 69.0 59.0 24.0 65.0 28.0 79.0 46.0 83.0 6.0 12.0 97.0 25.0 89.0 74.0 46.0 66.0 41.0 14.0 0.0 18.0 75.0 88.0 35.0 30.0 82.0 94.0 58.0 46.0 12.0 78.0 40.0 96.0 63.0 93.0 24.0 21.0 115.0 43.0 106.0 91.0 51.0 75.0 58.0 7.0 18.0 0.0 92.0 104.0 52.0 45.0 92.0 112.0 76.0 63.0 95.0 47.0 61.0 22.0 31.0 75.0 69.0 79.0 24.0 51.0 20.0 10.0 78.0 70.0 39.0 88.0 75.0 92.0 0.0 33.0 41.0 58.0 74.0 20.0 34.0 31.0 102.0 32.0 65.0 12.0 44.0 51.0 82.0 95.0 40.0 70.0 19.0 25.0 73.0 55.0 64.0 101.0 88.0 104.0 33.0 0.0 60.0 81.0 52.0 37.0 64.0 44.0 56.0 47.0 30.0 50.0 17.0 74.0 29.0 38.0 63.0 11.0 57.0 41.0 54.0 61.0 11.0 47.0 35.0 52.0 41.0 60.0 0.0 22.0 73.0 60.0 29.0 17.0 53.0 68.0 42.0 70.0 38.0 93.0 27.0 26.0 78.0 15.0 75.0 60.0 66.0 78.0 19.0 38.0 30.0 45.0 58.0 81.0 22.0 0.0 92.0 75.0 33.0 38.0 85.0 29.0 56.0 55.0 61.0 1.0 78.0 94.0 89.0 78.0 69.0 65.0 43.0 17.0 83.0 92.0 82.0 92.0 74.0 52.0 73.0 92.0 0.0 86.0 94.0 61.0 114.0 61.0 80.0 31.0 50.0 86.0 88.0 97.0 5.0 70.0 18.0 25.0 96.0 85.0 57.0 107.0 94.0 112.0 20.0 37.0 60.0 75.0 86.0 0.0 47.0 50.0 81.0 65.0 58.0 53.0 34.0 94.0 54.0 58.0 49.0 34.0 53.0 40.0 81.0 84.0 19.0 69.0 58.0 76.0 34.0 64.0 29.0 33.0 94.0 47.0 0.0 34.0 64.0 33.0 31.0 34.0 0.0 61.0 40.0 52.0 54.0 26.0 44.0 28.0 50.0 50.0 23.0 59.0 46.0 63.0 31.0 44.0 17.0 38.0 61.0 50.0 34.0 0.0 
3 12 8 8 
2 92 31 24 22 61 61 18 50 50 7 7 28 83 31 98 95 21 46 75 75 15 68 29 0 50 7 25 61 70 18 99 25 88 11 99 76 34 58 7 51 66 54 87 7 8 91 22 79 67 50 50 