4 20 1 4 3 126 125 252 250 5 20
26 10 0 0 27 12 0 0 0 0 30 28 0 0 24 28 
2 1 0 1 0 0 0 2 4 0 0 1 3 2 4 2 3 0 1 0 0 0 4 0 5 0 5 0 0 0 0 1 0 0 3 1 5 0 0 0 1 1 0 1 3 0 0 0 2 3 0 4 5 0 4 1 0 0 4 5 3 0 0 0 0 0 1 4 0 5 2 0 2 3 2 5 5 0 4 0 
1 1 1 0 0 1 1 0 0 1 1 0 0 0 1 1 1 0 0 1 
1 1 1 1 1 1 1 1 1 1 1 1 1 1 1 1 1 1 1 1 1 1 1 1 1 1 1 1 1 1 1 1 1 1 1 1 1 1 1 1 1 1 1 1 1 1 1 1 1 1 1 1 1 1 1 1 1 1 1 1 1 1 1 1 1 1 1 1 1 1 1 1 1 1 1 1 1 1 1 1 1 1 1 1 1 1 1 1 1 1 1 1 1 1 1 1 1 1 1 1 
2 5 4 5 0 0 4 5 0 0 0 0 0 0 4 5 3 4 0 0 0 0 3 5 4 5 3 4 5 5 5 5 1 4 0 0 5 5 0 0 0 0 0 0 1 5 0 0 3 4 0 0 1 5 0 0 0 0 0 0 0 0 2 5 0 0 0 0 5 5 2 3 1 4 0 0 0 0 0 0 1 5 4 5 0 0 5 5 5 5 0 0 0 0 0 0 4 5 4 5 0 0 4 5 4 5 0 0 5 5 4 4 0 0 0 0 4 5 5 5 1 5 0 0 0 0 0 0 0 0 0 0 2 3 4 5 0 0 1 5 4 5 0 0 4 5 1 2 2 3 3 4 5 5 0 0 1 5 0 0 
5 3 3 3 
0.0 66.0 47.0 84.0 37.0 72.0 81.0 90.0 36.0 83.0 32.0 25.0 74.0 17.0 63.0 79.0 19.0 59.0 30.0 18.0 5.0 75.0 81.0 11.0 17.0 37.0 66.0 0.0 93.0 75.0 46.0 8.0 73.0 61.0 87.0 18.0 53.0 67.0 49.0 74.0 102.0 47.0 77.0 15.0 36.0 74.0 65.0 50.0 17.0 56.0 69.0 46.0 47.0 93.0 0.0 66.0 48.0 97.0 64.0 85.0 13.0 110.0 40.0 71.0 73.0 61.0 17.0 80.0 61.0 80.0 63.0 30.0 44.0 74.0 105.0 49.0 32.0 48.0 84.0 75.0 66.0 0.0 50.0 74.0 3.0 25.0 71.0 86.0 53.0 104.0 27.0 101.0 61.0 32.0 102.0 62.0 72.0 75.0 80.0 27.0 76.0 77.0 71.0 50.0 37.0 46.0 48.0 50.0 0.0 50.0 48.0 53.0 43.0 63.0 9.0 54.0 38.0 52.0 57.0 43.0 55.0 33.0 24.0 35.0 33.0 39.0 57.0 28.0 30.0 0.0 72.0 8.0 97.0 74.0 50.0 0.0 73.0 58.0 92.0 14.0 58.0 74.0 48.0 81.0 105.0 44.0 84.0 18.0 43.0 79.0 71.0 48.0 9.0 62.0 74.0 50.0 81.0 73.0 64.0 3.0 48.0 73.0 0.0 26.0 69.0 85.0 50.0 101.0 26.0 98.0 60.0 32.0 100.0 60.0 69.0 72.0 77.0 26.0 75.0 74.0 69.0 48.0 90.0 61.0 85.0 25.0 53.0 58.0 26.0 0.0 86.0 68.0 60.0 105.0 16.0 105.0 83.0 14.0 108.0 50.0 70.0 85.0 86.0 15.0 58.0 81.0 81.0 53.0 36.0 87.0 13.0 71.0 43.0 92.0 69.0 86.0 0.0 105.0 35.0 59.0 74.0 48.0 29.0 80.0 49.0 75.0 54.0 19.0 32.0 75.0 100.0 39.0 22.0 43.0 83.0 18.0 110.0 86.0 63.0 14.0 85.0 68.0 105.0 0.0 71.0 82.0 60.0 90.0 119.0 55.0 93.0 31.0 54.0 91.0 82.0 59.0 10.0 74.0 86.0 63.0 32.0 53.0 40.0 53.0 9.0 58.0 50.0 60.0 35.0 71.0 0.0 51.0 45.0 48.0 50.0 50.0 50.0 41.0 26.0 27.0 28.0 45.0 65.0 24.0 22.0 9.0 25.0 67.0 71.0 104.0 54.0 74.0 101.0 105.0 59.0 82.0 51.0 0.0 90.0 13.0 87.0 93.0 15.0 65.0 37.0 42.0 29.0 90.0 83.0 28.0 41.0 54.0 74.0 49.0 73.0 27.0 38.0 48.0 26.0 16.0 74.0 60.0 45.0 90.0 0.0 90.0 74.0 8.0 92.0 37.0 54.0 70.0 71.0 1.0 50.0 65.0 66.0 38.0 17.0 74.0 61.0 101.0 52.0 81.0 98.0 105.0 48.0 90.0 48.0 13.0 90.0 0.0 77.0 94.0 3.0 69.0 40.0 32.0 22.0 90.0 90.0 25.0 32.0 52.0 63.0 102.0 17.0 61.0 57.0 105.0 60.0 83.0 29.0 119.0 50.0 87.0 74.0 77.0 0.0 81.0 77.0 88.0 75.0 46.0 59.0 75.0 112.0 63.0 47.0 57.0 79.0 47.0 80.0 32.0 43.0 44.0 32.0 14.0 80.0 55.0 50.0 93.0 8.0 94.0 81.0 0.0 96.0 36.0 57.0 76.0 76.0 7.0 45.0 70.0 72.0 43.0 19.0 77.0 61.0 102.0 55.0 84.0 100.0 108.0 49.0 93.0 50.0 15.0 92.0 3.0 77.0 96.0 0.0 72.0 43.0 33.0 23.0 93.0 93.0 27.0 34.0 55.0 59.0 15.0 80.0 62.0 33.0 18.0 60.0 50.0 75.0 31.0 41.0 65.0 37.0 69.0 88.0 36.0 72.0 0.0 30.0 64.0 57.0 37.0 25.0 48.0 58.0 33.0 30.0 36.0 63.0 72.0 24.0 43.0 69.0 70.0 54.0 54.0 26.0 37.0 54.0 40.0 75.0 57.0 43.0 30.0 0.0 39.0 29.0 55.0 52.0 20.0 34.0 24.0 18.0 74.0 30.0 75.0 35.0 79.0 72.0 85.0 19.0 91.0 27.0 42.0 70.0 32.0 46.0 76.0 33.0 64.0 39.0 0.0 14.0 71.0 88.0 21.0 6.0 35.0 5.0 65.0 44.0 80.0 33.0 71.0 77.0 86.0 32.0 82.0 28.0 29.0 71.0 22.0 59.0 76.0 23.0 57.0 29.0 14.0 0.0 72.0 80.0 9.0 12.0 33.0 75.0 50.0 74.0 27.0 39.0 48.0 26.0 15.0 75.0 59.0 45.0 90.0 1.0 90.0 75.0 7.0 93.0 37.0 55.0 71.0 72.0 0.0 50.0 66.0 67.0 39.0 81.0 17.0 105.0 76.0 57.0 9.0 75.0 58.0 100.0 10.0 65.0 83.0 50.0 90.0 112.0 45.0 93.0 25.0 52.0 88.0 80.0 50.0 0.0 71.0 83.0 57.0 11.0 56.0 49.0 77.0 28.0 62.0 74.0 81.0 39.0 74.0 24.0 28.0 65.0 25.0 63.0 70.0 27.0 48.0 20.0 21.0 9.0 66.0 71.0 0.0 17.0 28.0 17.0 69.0 32.0 71.0 30.0 74.0 69.0 81.0 22.0 86.0 22.0 41.0 66.0 32.0 47.0 72.0 34.0 58.0 34.0 6.0 12.0 67.0 83.0 17.0 0.0 30.0 37.0 46.0 48.0 50.0 0.0 50.0 48.0 53.0 43.0 63.0 9.0 54.0 38.0 52.0 57.0 43.0 55.0 33.0 24.0 35.0 33.0 39.0 57.0 28.0 30.0 0.0 
2 6 1 15 
81 31 17 19 89 77 25 93 50 50 10 21 27 91 5 78 90 65 1 11 58 52 82 7 17 68 90 17 86 93 10 65 93 17 23 32 52 27 84 48 79 35 16 68 1 21 71 32 79 47 50 50 