6 20 1 4 3 169 65 338 125 10 20
8 17 0 0 23 19 0 0 19 13 0 0 0 0 17 16 0 0 19 19 0 0 17 9 
5 0 1 0 0 0 4 0 0 0 0 1 1 0 0 0 0 2 0 0 3 0 0 2 3 4 2 2 0 0 0 2 0 1 0 3 0 0 5 0 1 0 0 4 1 0 0 0 0 1 0 0 0 4 3 0 3 0 5 2 2 1 5 3 0 0 0 4 0 4 4 1 0 1 0 0 5 1 1 3 
0 0 0 1 0 1 1 1 0 0 1 0 0 0 1 0 1 0 0 1 0 1 1 0 0 1 0 1 1 1 1 1 1 1 0 0 0 0 1 1 0 1 1 0 0 0 0 1 0 0 1 1 1 0 1 0 1 1 1 0 
1 1 1 1 1 1 1 1 1 1 1 1 1 1 1 1 1 1 1 1 1 1 1 1 1 1 1 1 1 1 1 1 1 1 1 1 1 1 1 1 1 1 1 1 1 1 1 1 1 1 1 1 1 1 1 1 1 1 1 1 1 1 1 1 1 1 1 1 1 1 1 1 1 1 1 1 1 1 1 1 1 1 1 1 1 1 1 1 1 1 1 1 1 1 1 1 1 1 1 1 1 1 1 1 1 1 1 1 1 1 1 1 1 1 1 1 1 1 1 1 1 1 1 1 1 1 1 1 1 1 1 1 1 1 1 1 1 1 1 1 1 1 1 1 1 1 1 1 1 1 1 1 1 1 1 1 1 1 1 1 1 1 1 1 1 1 1 1 1 1 1 1 1 1 1 1 1 1 1 1 1 1 1 1 1 1 1 1 1 1 1 1 1 1 1 1 1 1 1 1 
9 10 0 0 5 8 0 0 0 0 0 0 10 10 0 0 0 0 0 0 0 0 1 4 3 5 0 0 0 0 0 0 0 0 10 10 0 0 0 0 3 5 0 0 0 0 10 10 9 10 6 7 10 10 2 7 0 0 0 0 0 0 4 5 0 0 9 10 0 0 1 9 0 0 0 0 7 9 0 0 9 10 0 0 0 0 6 8 3 10 0 0 0 0 0 0 0 0 10 10 0 0 0 0 0 0 1 3 9 10 0 0 6 9 0 0 3 5 7 7 8 9 10 10 9 10 2 5 0 0 0 0 0 0 6 7 0 0 2 6 3 7 3 6 0 0 9 10 0 0 0 0 4 8 1 6 3 6 3 10 
8 7 10 4 
0.0 71.0 52.0 31.0 45.0 12.0 16.0 69.0 31.0 29.0 45.0 58.0 6.0 56.0 59.0 14.0 28.0 63.0 58.0 23.0 38.0 12.0 59.0 63.0 26.0 27.0 7.0 16.0 71.0 0.0 101.0 60.0 30.0 78.0 65.0 91.0 85.0 43.0 103.0 16.0 73.0 98.0 127.0 65.0 49.0 55.0 97.0 92.0 103.0 61.0 124.0 71.0 90.0 64.0 66.0 65.0 52.0 101.0 0.0 82.0 72.0 41.0 43.0 35.0 22.0 64.0 14.0 93.0 47.0 10.0 44.0 65.0 74.0 61.0 15.0 56.0 28.0 54.0 35.0 47.0 29.0 79.0 50.0 43.0 31.0 60.0 82.0 0.0 46.0 42.0 41.0 94.0 61.0 32.0 75.0 45.0 36.0 84.0 86.0 18.0 15.0 76.0 86.0 43.0 67.0 29.0 88.0 82.0 56.0 5.0 32.0 41.0 45.0 30.0 72.0 46.0 0.0 51.0 36.0 66.0 56.0 17.0 73.0 23.0 46.0 69.0 98.0 44.0 31.0 35.0 68.0 68.0 74.0 34.0 95.0 47.0 61.0 48.0 40.0 36.0 12.0 78.0 41.0 42.0 51.0 0.0 16.0 62.0 21.0 36.0 34.0 66.0 7.0 46.0 49.0 25.0 38.0 62.0 49.0 22.0 27.0 19.0 49.0 59.0 15.0 39.0 13.0 16.0 16.0 65.0 43.0 41.0 36.0 16.0 0.0 55.0 23.0 23.0 40.0 54.0 13.0 45.0 62.0 26.0 32.0 48.0 46.0 36.0 38.0 12.0 60.0 47.0 25.0 39.0 11.0 0.0 69.0 91.0 35.0 94.0 66.0 62.0 55.0 0.0 44.0 67.0 48.0 88.0 65.0 26.0 78.0 80.0 82.0 39.0 21.0 82.0 60.0 65.0 70.0 22.0 56.0 93.0 65.0 55.0 31.0 85.0 22.0 61.0 56.0 21.0 23.0 44.0 0.0 45.0 18.0 75.0 26.0 26.0 45.0 44.0 54.0 55.0 29.0 39.0 21.0 33.0 40.0 46.0 13.0 58.0 30.0 23.0 29.0 43.0 64.0 32.0 17.0 36.0 23.0 67.0 45.0 0.0 63.0 31.0 30.0 64.0 84.0 27.0 18.0 45.0 64.0 51.0 61.0 18.0 83.0 52.0 48.0 33.0 24.0 23.0 45.0 103.0 14.0 75.0 73.0 34.0 40.0 48.0 18.0 63.0 0.0 93.0 40.0 23.0 32.0 58.0 70.0 69.0 28.0 45.0 14.0 50.0 25.0 57.0 19.0 72.0 45.0 40.0 58.0 16.0 93.0 45.0 23.0 66.0 54.0 88.0 75.0 31.0 93.0 0.0 60.0 91.0 115.0 51.0 34.0 55.0 90.0 78.0 91.0 48.0 113.0 69.0 78.0 49.0 53.0 54.0 6.0 73.0 47.0 36.0 46.0 7.0 13.0 65.0 26.0 30.0 40.0 60.0 0.0 50.0 56.0 18.0 31.0 61.0 53.0 24.0 34.0 13.0 55.0 59.0 22.0 33.0 7.0 13.0 56.0 98.0 10.0 84.0 69.0 46.0 45.0 26.0 26.0 64.0 23.0 91.0 50.0 0.0 53.0 68.0 76.0 54.0 6.0 63.0 36.0 56.0 45.0 39.0 35.0 82.0 53.0 45.0 59.0 127.0 44.0 86.0 98.0 49.0 62.0 78.0 45.0 84.0 32.0 115.0 56.0 53.0 0.0 70.0 86.0 99.0 58.0 45.0 25.0 68.0 10.0 88.0 37.0 81.0 62.0 62.0 14.0 65.0 65.0 18.0 44.0 25.0 26.0 80.0 44.0 27.0 58.0 51.0 18.0 68.0 70.0 0.0 18.0 68.0 70.0 29.0 50.0 15.0 71.0 71.0 39.0 15.0 15.0 26.0 28.0 49.0 74.0 15.0 31.0 38.0 32.0 82.0 54.0 18.0 70.0 34.0 31.0 76.0 86.0 18.0 0.0 62.0 77.0 46.0 65.0 21.0 86.0 69.0 52.0 17.0 26.0 32.0 63.0 55.0 61.0 76.0 35.0 62.0 48.0 39.0 55.0 45.0 69.0 55.0 61.0 54.0 99.0 68.0 62.0 0.0 51.0 84.0 75.0 54.0 93.0 18.0 66.0 77.0 58.0 48.0 58.0 97.0 15.0 86.0 68.0 49.0 46.0 21.0 29.0 64.0 28.0 90.0 53.0 6.0 58.0 70.0 77.0 51.0 0.0 67.0 41.0 57.0 50.0 35.0 39.0 84.0 55.0 46.0 23.0 92.0 56.0 43.0 68.0 22.0 36.0 82.0 39.0 51.0 45.0 78.0 24.0 63.0 45.0 29.0 46.0 84.0 67.0 0.0 32.0 34.0 49.0 80.0 28.0 38.0 29.0 36.0 38.0 103.0 28.0 67.0 74.0 27.0 38.0 60.0 21.0 61.0 14.0 91.0 34.0 36.0 25.0 50.0 65.0 75.0 41.0 32.0 0.0 45.0 23.0 66.0 13.0 63.0 40.0 38.0 12.0 61.0 54.0 29.0 34.0 19.0 12.0 65.0 33.0 18.0 50.0 48.0 13.0 56.0 68.0 15.0 21.0 54.0 57.0 34.0 45.0 0.0 67.0 56.0 32.0 28.0 6.0 12.0 59.0 124.0 35.0 88.0 95.0 49.0 60.0 70.0 40.0 83.0 25.0 113.0 55.0 45.0 10.0 71.0 86.0 93.0 50.0 49.0 23.0 67.0 0.0 81.0 35.0 84.0 62.0 60.0 63.0 71.0 47.0 82.0 47.0 59.0 47.0 22.0 46.0 52.0 57.0 69.0 59.0 39.0 88.0 71.0 69.0 18.0 35.0 80.0 66.0 56.0 81.0 0.0 58.0 82.0 57.0 47.0 26.0 90.0 29.0 56.0 61.0 15.0 25.0 56.0 13.0 48.0 19.0 78.0 22.0 35.0 37.0 39.0 52.0 66.0 39.0 28.0 13.0 32.0 35.0 58.0 0.0 53.0 27.0 25.0 27.0 64.0 79.0 5.0 48.0 39.0 39.0 93.0 58.0 33.0 72.0 49.0 33.0 82.0 81.0 15.0 17.0 77.0 84.0 38.0 63.0 28.0 84.0 82.0 53.0 0.0 29.0 39.0 7.0 66.0 50.0 32.0 40.0 13.0 11.0 65.0 30.0 24.0 45.0 53.0 7.0 53.0 62.0 15.0 26.0 58.0 55.0 29.0 40.0 6.0 62.0 57.0 27.0 29.0 0.0 11.0 16.0 65.0 43.0 41.0 36.0 16.0 0.0 55.0 23.0 23.0 40.0 54.0 13.0 45.0 62.0 26.0 32.0 48.0 46.0 36.0 38.0 12.0 60.0 47.0 25.0 39.0 11.0 0.0 
4 11 13 2 
41 37 9 100 92 43 11 41 32 81 52 35 50 50 97 77 71 42 32 64 85 31 10 85 46 38 94 52 86 0 28 38 19 53 63 96 95 57 44 15 75 22 39 48 92 8 78 87 66 31 14 37 42 43 50 50 