6 20 1 4 3 170 65 340 125 10 20
34 13 0 0 23 16 0 0 13 11 0 0 0 0 19 22 0 0 21 21 0 0 9 27 
5 1 4 0 3 0 0 0 0 5 2 3 0 4 0 0 0 4 0 0 0 0 1 5 3 5 0 0 5 0 2 0 5 2 0 4 0 4 2 2 4 0 0 0 1 0 0 0 4 0 5 0 5 0 0 0 0 0 1 1 0 0 3 2 2 0 1 5 0 0 4 5 0 2 0 1 0 3 0 0 
1 1 1 1 0 0 1 1 1 1 1 1 0 0 0 0 1 1 1 1 0 0 1 0 1 1 0 0 0 0 1 0 1 0 1 0 0 1 1 1 0 0 0 1 1 1 0 0 0 0 0 0 1 1 1 0 0 1 1 1 
1 1 1 1 1 1 1 1 1 1 1 1 1 1 1 1 1 1 1 1 1 1 1 1 1 1 1 1 1 1 1 1 1 1 1 1 1 1 1 1 1 1 1 1 1 1 1 1 1 1 1 1 1 1 1 1 1 1 1 1 1 1 1 1 1 1 1 1 1 1 1 1 1 1 1 1 1 1 1 1 1 1 1 1 1 1 1 1 1 1 1 1 1 1 1 1 1 1 1 1 1 1 1 1 1 1 1 1 1 1 1 1 1 1 1 1 1 1 1 1 1 1 1 1 1 1 1 1 1 1 1 1 1 1 1 1 1 1 1 1 1 1 1 1 1 1 1 1 1 1 1 1 1 1 1 1 1 1 1 1 1 1 1 1 1 1 1 1 1 1 1 1 1 1 1 1 1 1 1 1 1 1 1 1 1 1 1 1 1 1 1 1 1 1 1 1 1 1 1 1 
2 3 5 7 8 10 0 0 8 9 0 0 0 0 0 0 0 0 9 10 4 8 5 10 0 0 1 5 0 0 0 0 0 0 7 8 0 0 0 0 0 0 0 0 1 2 6 7 9 10 6 10 0 0 0 0 7 9 0 0 9 10 0 0 7 8 6 9 0 0 5 10 0 0 6 9 8 10 4 6 7 7 0 0 0 0 0 0 8 8 0 0 0 0 0 0 9 10 0 0 10 10 0 0 6 7 0 0 0 0 0 0 0 0 0 0 4 7 9 10 0 0 0 0 4 9 4 10 9 10 0 0 7 8 2 2 0 0 0 0 10 10 1 6 0 0 8 9 0 0 3 9 0 0 9 10 0 0 0 0 
6 10 1 4 
0.0 60.0 26.0 39.0 40.0 22.0 15.0 45.0 35.0 51.0 28.0 14.0 21.0 56.0 52.0 62.0 8.0 27.0 51.0 39.0 35.0 20.0 36.0 22.0 43.0 31.0 27.0 15.0 60.0 0.0 82.0 51.0 70.0 68.0 46.0 71.0 63.0 11.0 87.0 74.0 79.0 58.0 21.0 88.0 56.0 35.0 12.0 60.0 64.0 80.0 46.0 39.0 34.0 88.0 73.0 46.0 26.0 82.0 0.0 46.0 35.0 18.0 40.0 40.0 34.0 72.0 12.0 18.0 7.0 80.0 77.0 79.0 28.0 48.0 75.0 62.0 56.0 15.0 62.0 44.0 58.0 6.0 16.0 40.0 39.0 51.0 46.0 0.0 20.0 29.0 38.0 20.0 15.0 41.0 56.0 49.0 46.0 81.0 58.0 97.0 32.0 28.0 50.0 70.0 69.0 53.0 60.0 28.0 18.0 51.0 31.0 38.0 40.0 70.0 35.0 20.0 0.0 21.0 45.0 6.0 8.0 59.0 46.0 44.0 38.0 91.0 74.0 102.0 35.0 42.0 67.0 77.0 74.0 46.0 70.0 40.0 37.0 39.0 19.0 45.0 22.0 68.0 18.0 29.0 21.0 0.0 32.0 26.0 18.0 58.0 28.0 24.0 18.0 76.0 66.0 83.0 19.0 35.0 62.0 61.0 56.0 26.0 56.0 31.0 41.0 23.0 6.0 32.0 15.0 46.0 40.0 38.0 45.0 32.0 0.0 49.0 39.0 38.0 43.0 28.0 35.0 47.0 38.0 60.0 14.0 16.0 37.0 33.0 32.0 34.0 26.0 12.0 35.0 45.0 38.0 0.0 45.0 71.0 40.0 20.0 6.0 26.0 49.0 0.0 11.0 60.0 51.0 50.0 43.0 95.0 76.0 107.0 39.0 45.0 69.0 82.0 78.0 51.0 74.0 43.0 38.0 44.0 24.0 49.0 35.0 63.0 34.0 15.0 8.0 18.0 39.0 11.0 0.0 52.0 45.0 41.0 36.0 85.0 67.0 96.0 29.0 35.0 60.0 71.0 68.0 43.0 64.0 33.0 31.0 38.0 18.0 39.0 51.0 11.0 72.0 41.0 59.0 58.0 38.0 60.0 52.0 0.0 78.0 64.0 69.0 58.0 23.0 85.0 46.0 25.0 12.0 56.0 59.0 70.0 42.0 30.0 24.0 78.0 63.0 38.0 28.0 87.0 12.0 56.0 46.0 28.0 43.0 51.0 45.0 78.0 0.0 16.0 10.0 77.0 80.0 72.0 32.0 54.0 79.0 59.0 52.0 10.0 61.0 49.0 66.0 10.0 28.0 43.0 14.0 74.0 18.0 49.0 44.0 24.0 28.0 50.0 41.0 64.0 16.0 0.0 12.0 62.0 65.0 62.0 20.0 40.0 65.0 45.0 38.0 7.0 46.0 35.0 55.0 22.0 28.0 28.0 21.0 79.0 7.0 46.0 38.0 18.0 35.0 43.0 36.0 69.0 10.0 12.0 0.0 74.0 73.0 73.0 24.0 45.0 71.0 56.0 50.0 10.0 56.0 40.0 56.0 11.0 19.0 35.0 56.0 58.0 80.0 81.0 91.0 76.0 47.0 95.0 85.0 58.0 77.0 62.0 74.0 0.0 38.0 33.0 58.0 54.0 48.0 19.0 26.0 68.0 22.0 54.0 72.0 84.0 82.0 47.0 52.0 21.0 77.0 58.0 74.0 66.0 38.0 76.0 67.0 23.0 80.0 65.0 73.0 38.0 0.0 67.0 50.0 33.0 12.0 41.0 46.0 71.0 27.0 36.0 43.0 82.0 72.0 38.0 62.0 88.0 79.0 97.0 102.0 83.0 60.0 107.0 96.0 85.0 72.0 62.0 73.0 33.0 67.0 0.0 68.0 73.0 77.0 30.0 29.0 64.0 43.0 71.0 93.0 81.0 88.0 60.0 8.0 56.0 28.0 32.0 35.0 19.0 14.0 39.0 29.0 46.0 32.0 20.0 24.0 58.0 50.0 68.0 0.0 22.0 48.0 43.0 40.0 26.0 38.0 17.0 36.0 33.0 25.0 14.0 27.0 35.0 48.0 28.0 42.0 35.0 16.0 45.0 35.0 25.0 54.0 40.0 45.0 54.0 33.0 73.0 22.0 0.0 28.0 44.0 45.0 47.0 33.0 5.0 21.0 54.0 41.0 16.0 51.0 12.0 75.0 50.0 67.0 62.0 37.0 69.0 60.0 12.0 79.0 65.0 71.0 48.0 12.0 77.0 48.0 28.0 0.0 49.0 53.0 71.0 35.0 32.0 33.0 81.0 68.0 37.0 39.0 60.0 62.0 70.0 77.0 61.0 33.0 82.0 71.0 56.0 59.0 45.0 56.0 19.0 41.0 30.0 43.0 44.0 49.0 0.0 9.0 50.0 14.0 43.0 64.0 66.0 66.0 33.0 35.0 64.0 56.0 69.0 74.0 56.0 32.0 78.0 68.0 59.0 52.0 38.0 50.0 26.0 46.0 29.0 40.0 45.0 53.0 9.0 0.0 43.0 20.0 42.0 65.0 59.0 61.0 32.0 20.0 80.0 15.0 53.0 46.0 26.0 34.0 51.0 43.0 70.0 10.0 7.0 10.0 68.0 71.0 64.0 26.0 47.0 71.0 50.0 43.0 0.0 52.0 42.0 61.0 17.0 28.0 34.0 36.0 46.0 62.0 60.0 70.0 56.0 26.0 74.0 64.0 42.0 61.0 46.0 56.0 22.0 27.0 43.0 38.0 33.0 35.0 14.0 20.0 52.0 0.0 33.0 52.0 66.0 62.0 26.0 22.0 39.0 44.0 28.0 40.0 31.0 12.0 43.0 33.0 30.0 49.0 35.0 40.0 54.0 36.0 71.0 17.0 5.0 32.0 43.0 42.0 42.0 33.0 0.0 24.0 49.0 37.0 12.0 43.0 34.0 58.0 18.0 37.0 41.0 35.0 38.0 31.0 24.0 66.0 55.0 56.0 72.0 43.0 93.0 36.0 21.0 33.0 64.0 65.0 61.0 52.0 24.0 0.0 63.0 45.0 35.0 31.0 88.0 6.0 51.0 39.0 23.0 45.0 44.0 38.0 78.0 10.0 22.0 11.0 84.0 82.0 81.0 33.0 54.0 81.0 66.0 59.0 17.0 66.0 49.0 63.0 0.0 21.0 45.0 27.0 73.0 16.0 31.0 19.0 6.0 38.0 24.0 18.0 63.0 28.0 28.0 19.0 82.0 72.0 88.0 25.0 41.0 68.0 66.0 61.0 28.0 62.0 37.0 45.0 21.0 0.0 38.0 15.0 46.0 40.0 38.0 45.0 32.0 0.0 49.0 39.0 38.0 43.0 28.0 35.0 47.0 38.0 60.0 14.0 16.0 37.0 33.0 32.0 34.0 26.0 12.0 35.0 45.0 38.0 0.0 
9 2 10 4 
42 38 87 77 36 13 79 27 70 10 52 19 50 50 75 8 69 17 83 67 25 16 31 30 34 19 31 92 67 83 0 83 49 37 65 51 76 76 28 74 24 67 27 25 42 74 61 48 84 44 32 9 52 13 50 50 