6 20 1 4 3 229 65 457 125 10 20
20 14 0 0 33 8 0 0 41 11 0 0 0 0 19 26 0 0 35 26 0 0 32 14 
4 0 0 1 3 2 4 2 3 0 1 0 0 0 4 0 5 0 5 0 0 0 0 1 0 0 3 1 5 0 0 0 1 1 0 1 3 0 0 0 2 3 0 4 5 0 4 1 0 0 4 5 3 0 0 0 0 0 1 4 0 5 2 0 2 3 2 5 5 0 4 0 0 5 4 4 0 0 2 3 
0 1 1 1 1 0 0 1 1 1 1 0 0 0 1 0 0 1 1 1 1 1 0 0 0 0 0 1 0 0 1 0 0 0 0 1 0 0 0 0 1 0 0 1 0 0 0 1 1 1 0 0 1 1 1 0 1 1 0 1 
1 1 1 1 1 1 1 1 1 1 1 1 1 1 1 1 1 1 1 1 1 1 1 1 1 1 1 1 1 1 1 1 1 1 1 1 1 1 1 1 1 1 1 1 1 1 1 1 1 1 1 1 1 1 1 1 1 1 1 1 1 1 1 1 1 1 1 1 1 1 1 1 1 1 1 1 1 1 1 1 1 1 1 1 1 1 1 1 1 1 1 1 1 1 1 1 1 1 1 1 1 1 1 1 1 1 1 1 1 1 1 1 1 1 1 1 1 1 1 1 1 1 1 1 1 1 1 1 1 1 1 1 1 1 1 1 1 1 1 1 1 1 1 1 1 1 1 1 1 1 1 1 1 1 1 1 1 1 1 1 1 1 1 1 1 1 1 1 1 1 1 1 1 1 1 1 1 1 1 1 1 1 1 1 1 1 1 1 1 1 1 1 1 1 1 1 1 1 1 1 
8 9 0 0 0 0 2 7 2 6 9 10 10 10 9 9 7 10 0 0 1 8 0 0 0 0 0 0 10 10 0 0 7 8 0 0 8 9 0 0 0 0 0 0 0 0 6 10 0 0 0 0 2 8 2 4 7 9 0 0 0 0 0 0 10 10 2 10 0 0 9 10 8 10 0 0 0 0 0 0 8 10 8 10 0 0 7 8 9 10 0 0 1 4 2 4 0 0 0 0 2 9 4 6 8 9 0 0 0 0 0 0 0 0 0 0 1 8 7 8 0 0 8 9 1 3 0 0 3 5 6 8 10 10 2 10 3 5 0 0 6 10 0 0 0 0 4 9 7 10 7 8 0 0 0 0 1 6 8 9 
7 6 7 2 
0.0 59.0 79.0 38.0 34.0 54.0 44.0 51.0 92.0 29.0 80.0 46.0 42.0 77.0 61.0 73.0 48.0 59.0 25.0 77.0 67.0 50.0 92.0 27.0 27.0 54.0 59.0 44.0 59.0 0.0 93.0 93.0 26.0 6.0 45.0 26.0 61.0 38.0 55.0 30.0 83.0 71.0 61.0 90.0 40.0 58.0 52.0 89.0 41.0 38.0 98.0 70.0 36.0 24.0 6.0 45.0 79.0 93.0 0.0 71.0 84.0 89.0 50.0 68.0 63.0 66.0 56.0 106.0 44.0 31.0 33.0 6.0 54.0 35.0 57.0 5.0 59.0 56.0 16.0 55.0 70.0 107.0 88.0 50.0 38.0 93.0 71.0 0.0 69.0 87.0 62.0 77.0 108.0 56.0 96.0 84.0 27.0 83.0 70.0 65.0 68.0 68.0 44.0 71.0 87.0 71.0 86.0 26.0 57.0 91.0 91.0 62.0 34.0 26.0 84.0 69.0 0.0 21.0 35.0 27.0 71.0 19.0 62.0 22.0 63.0 69.0 55.0 80.0 34.0 52.0 32.0 80.0 47.0 34.0 92.0 49.0 16.0 25.0 27.0 35.0 54.0 6.0 89.0 87.0 21.0 0.0 40.0 22.0 61.0 33.0 53.0 28.0 77.0 68.0 57.0 86.0 36.0 55.0 47.0 85.0 39.0 34.0 94.0 65.0 31.0 24.0 7.0 40.0 44.0 45.0 50.0 62.0 35.0 40.0 0.0 21.0 48.0 19.0 37.0 57.0 43.0 35.0 21.0 47.0 7.0 17.0 21.0 46.0 25.0 10.0 57.0 37.0 24.0 58.0 41.0 0.0 51.0 26.0 68.0 77.0 27.0 22.0 21.0 0.0 46.0 22.0 36.0 45.0 62.0 47.0 36.0 65.0 15.0 33.0 34.0 64.0 21.0 13.0 73.0 52.0 24.0 43.0 21.0 21.0 92.0 61.0 63.0 108.0 71.0 61.0 48.0 46.0 0.0 64.0 12.0 88.0 85.0 33.0 40.0 65.0 44.0 41.0 68.0 58.0 26.0 42.0 58.0 83.0 67.0 84.0 56.0 48.0 29.0 38.0 66.0 56.0 19.0 33.0 19.0 22.0 64.0 0.0 52.0 41.0 46.0 54.0 39.0 61.0 21.0 36.0 14.0 62.0 38.0 22.0 75.0 33.0 5.0 44.0 36.0 19.0 80.0 55.0 56.0 96.0 62.0 53.0 37.0 36.0 12.0 52.0 0.0 80.0 73.0 25.0 29.0 56.0 33.0 30.0 57.0 51.0 16.0 31.0 53.0 71.0 56.0 76.0 49.0 37.0 46.0 30.0 106.0 84.0 22.0 28.0 57.0 45.0 88.0 41.0 80.0 0.0 82.0 90.0 77.0 102.0 55.0 74.0 53.0 102.0 65.0 54.0 114.0 67.0 37.0 10.0 35.0 57.0 42.0 83.0 44.0 27.0 63.0 77.0 43.0 62.0 85.0 46.0 73.0 82.0 0.0 57.0 46.0 38.0 50.0 44.0 32.0 45.0 66.0 53.0 60.0 16.0 48.0 87.0 80.0 43.0 77.0 71.0 31.0 83.0 69.0 68.0 35.0 47.0 33.0 54.0 25.0 90.0 57.0 0.0 16.0 32.0 35.0 19.0 52.0 26.0 31.0 36.0 29.0 60.0 58.0 89.0 65.0 35.0 61.0 61.0 33.0 70.0 55.0 57.0 21.0 36.0 40.0 39.0 29.0 77.0 46.0 16.0 0.0 32.0 22.0 4.0 36.0 29.0 26.0 24.0 38.0 46.0 44.0 77.0 56.0 21.0 73.0 90.0 6.0 65.0 80.0 86.0 47.0 65.0 65.0 61.0 56.0 102.0 38.0 32.0 32.0 0.0 51.0 33.0 52.0 8.0 58.0 53.0 22.0 49.0 66.0 104.0 86.0 47.0 48.0 40.0 54.0 68.0 34.0 36.0 7.0 15.0 44.0 21.0 33.0 55.0 50.0 35.0 22.0 51.0 0.0 20.0 25.0 50.0 20.0 4.0 60.0 43.0 25.0 55.0 35.0 7.0 59.0 58.0 35.0 68.0 52.0 55.0 17.0 33.0 41.0 36.0 30.0 74.0 44.0 19.0 4.0 33.0 20.0 0.0 34.0 31.0 26.0 21.0 41.0 44.0 40.0 74.0 53.0 17.0 25.0 52.0 57.0 44.0 32.0 47.0 21.0 34.0 68.0 14.0 57.0 53.0 32.0 52.0 36.0 52.0 25.0 34.0 0.0 54.0 45.0 28.0 68.0 19.0 17.0 57.0 49.0 21.0 77.0 89.0 5.0 71.0 80.0 85.0 46.0 64.0 58.0 62.0 51.0 102.0 45.0 26.0 29.0 8.0 50.0 31.0 54.0 0.0 54.0 52.0 16.0 54.0 67.0 103.0 84.0 46.0 67.0 41.0 59.0 87.0 47.0 39.0 25.0 21.0 26.0 38.0 16.0 65.0 66.0 31.0 26.0 58.0 20.0 26.0 45.0 54.0 0.0 17.0 60.0 61.0 42.0 62.0 35.0 25.0 50.0 38.0 56.0 71.0 34.0 34.0 10.0 13.0 42.0 22.0 31.0 54.0 53.0 36.0 24.0 53.0 4.0 21.0 28.0 52.0 17.0 0.0 61.0 45.0 26.0 54.0 33.0 10.0 92.0 98.0 16.0 86.0 92.0 94.0 57.0 73.0 58.0 75.0 53.0 114.0 60.0 29.0 38.0 22.0 60.0 41.0 68.0 16.0 60.0 61.0 0.0 69.0 79.0 114.0 92.0 57.0 27.0 70.0 55.0 26.0 49.0 65.0 37.0 52.0 83.0 33.0 71.0 67.0 16.0 60.0 46.0 49.0 43.0 44.0 19.0 54.0 61.0 45.0 69.0 0.0 35.0 73.0 68.0 37.0 27.0 36.0 70.0 57.0 16.0 31.0 24.0 24.0 67.0 5.0 56.0 37.0 48.0 58.0 44.0 66.0 25.0 40.0 17.0 67.0 42.0 26.0 79.0 35.0 0.0 40.0 35.0 24.0 54.0 24.0 107.0 91.0 25.0 24.0 58.0 43.0 84.0 44.0 76.0 10.0 87.0 89.0 77.0 104.0 55.0 74.0 57.0 103.0 62.0 54.0 114.0 73.0 40.0 0.0 29.0 58.0 59.0 6.0 88.0 91.0 27.0 7.0 41.0 21.0 56.0 36.0 49.0 35.0 80.0 65.0 56.0 86.0 35.0 53.0 49.0 84.0 35.0 33.0 92.0 68.0 35.0 29.0 0.0 41.0 44.0 45.0 50.0 62.0 35.0 40.0 0.0 21.0 48.0 19.0 37.0 57.0 43.0 35.0 21.0 47.0 7.0 17.0 21.0 46.0 25.0 10.0 57.0 37.0 24.0 58.0 41.0 0.0 
4 9 9 10 
93 59 64 8 21 90 91 96 78 29 65 13 50 50 52 30 7 29 68 45 17 35 93 13 65 90 17 60 32 59 27 90 48 44 35 58 68 59 21 85 32 33 47 41 6 86 74 77 72 43 87 6 59 11 50 50 