6 20 1 4 3 222 65 443 125 10 20
21 16 0 0 14 26 0 0 21 14 0 0 0 0 24 20 0 0 23 18 0 0 24 26 
2 5 0 4 1 0 0 0 1 0 3 0 4 5 0 2 0 1 0 0 2 0 0 1 5 0 5 2 1 4 0 2 3 1 3 0 1 5 0 0 1 0 4 2 1 1 0 0 3 0 0 1 0 0 3 5 3 2 0 0 0 0 5 3 0 1 1 1 0 0 4 3 0 3 3 0 4 0 5 4 
1 0 0 1 1 1 1 1 0 1 0 0 1 0 0 0 0 1 0 0 0 0 0 1 1 0 1 0 0 0 1 0 1 1 1 0 1 1 0 1 1 0 0 0 1 1 1 0 1 0 0 0 0 0 1 0 0 1 0 0 
1 1 1 1 1 1 1 1 1 1 1 1 1 1 1 1 1 1 1 1 1 1 1 1 1 1 1 1 1 1 1 1 1 1 1 1 1 1 1 1 1 1 1 1 1 1 1 1 1 1 1 1 1 1 1 1 1 1 1 1 1 1 1 1 1 1 1 1 1 1 1 1 1 1 1 1 1 1 1 1 1 1 1 1 1 1 1 1 1 1 1 1 1 1 1 1 1 1 1 1 1 1 1 1 1 1 1 1 1 1 1 1 1 1 1 1 1 1 1 1 1 1 1 1 1 1 1 1 1 1 1 1 1 1 1 1 1 1 1 1 1 1 1 1 1 1 1 1 1 1 1 1 1 1 1 1 1 1 1 1 1 1 1 1 1 1 1 1 1 1 1 1 1 1 1 1 1 1 1 1 1 1 1 1 1 1 1 1 1 1 1 1 1 1 1 1 1 1 1 1 
6 8 4 8 0 0 2 4 9 10 0 0 0 0 0 0 1 6 0 0 10 10 0 0 3 6 5 6 0 0 2 3 0 0 7 9 0 0 0 0 10 10 0 0 0 0 3 8 6 7 0 0 9 10 4 6 10 10 9 10 0 0 6 10 10 10 8 10 9 10 0 0 9 10 1 9 0 0 0 0 1 10 0 0 3 3 7 8 10 10 2 5 0 0 0 0 7 9 0 0 0 0 2 3 0 0 0 0 1 7 1 9 6 8 5 8 0 0 0 0 0 0 0 0 7 10 9 10 0 0 7 8 1 10 6 8 0 0 0 0 2 8 7 8 0 0 4 10 3 6 0 0 8 9 0 0 6 7 7 9 
6 8 6 9 
0.0 54.0 33.0 48.0 44.0 64.0 25.0 51.0 5.0 66.0 38.0 49.0 51.0 8.0 30.0 28.0 71.0 60.0 48.0 57.0 60.0 57.0 64.0 60.0 29.0 46.0 49.0 25.0 54.0 0.0 32.0 20.0 66.0 12.0 30.0 75.0 52.0 73.0 29.0 20.0 17.0 47.0 83.0 81.0 21.0 50.0 45.0 35.0 62.0 28.0 32.0 46.0 79.0 13.0 58.0 30.0 33.0 32.0 0.0 39.0 65.0 43.0 22.0 74.0 34.0 81.0 6.0 40.0 21.0 26.0 61.0 56.0 44.0 31.0 55.0 26.0 72.0 25.0 32.0 30.0 62.0 32.0 63.0 22.0 48.0 20.0 39.0 0.0 49.0 24.0 25.0 57.0 45.0 54.0 39.0 1.0 34.0 44.0 75.0 75.0 38.0 65.0 26.0 51.0 43.0 45.0 50.0 62.0 69.0 9.0 39.0 25.0 44.0 66.0 65.0 49.0 0.0 72.0 45.0 10.0 40.0 24.0 69.0 49.0 74.0 48.0 53.0 59.0 86.0 96.0 25.0 88.0 23.0 84.0 91.0 95.0 39.0 54.0 14.0 45.0 64.0 12.0 43.0 24.0 72.0 0.0 40.0 81.0 63.0 75.0 40.0 23.0 27.0 58.0 94.0 92.0 17.0 58.0 49.0 42.0 64.0 35.0 37.0 54.0 89.0 20.0 62.0 40.0 25.0 30.0 22.0 25.0 45.0 40.0 0.0 54.0 23.0 60.0 25.0 26.0 32.0 19.0 54.0 52.0 49.0 52.0 34.0 44.0 51.0 41.0 48.0 51.0 50.0 22.0 42.0 0.0 51.0 75.0 74.0 57.0 10.0 81.0 54.0 0.0 47.0 23.0 78.0 58.0 83.0 55.0 55.0 62.0 95.0 105.0 33.0 97.0 27.0 94.0 100.0 104.0 41.0 63.0 21.0 54.0 5.0 52.0 34.0 45.0 40.0 63.0 23.0 47.0 0.0 62.0 39.0 46.0 51.0 9.0 31.0 30.0 70.0 62.0 44.0 59.0 56.0 58.0 65.0 62.0 29.0 44.0 45.0 23.0 66.0 73.0 81.0 54.0 24.0 75.0 60.0 23.0 62.0 0.0 84.0 53.0 85.0 68.0 76.0 82.0 91.0 112.0 28.0 101.0 12.0 96.0 102.0 110.0 62.0 61.0 18.0 60.0 38.0 29.0 6.0 39.0 69.0 40.0 25.0 78.0 39.0 84.0 0.0 40.0 17.0 31.0 66.0 61.0 39.0 28.0 57.0 21.0 74.0 20.0 27.0 26.0 67.0 31.0 66.0 25.0 49.0 20.0 40.0 1.0 49.0 23.0 26.0 58.0 46.0 53.0 40.0 0.0 35.0 45.0 76.0 76.0 39.0 65.0 26.0 52.0 42.0 46.0 51.0 62.0 69.0 10.0 39.0 26.0 51.0 17.0 21.0 34.0 74.0 27.0 32.0 83.0 51.0 85.0 17.0 35.0 0.0 44.0 80.0 76.0 23.0 33.0 57.0 18.0 74.0 12.0 17.0 29.0 79.0 25.0 68.0 32.0 8.0 47.0 26.0 44.0 48.0 58.0 19.0 55.0 9.0 68.0 31.0 45.0 44.0 0.0 37.0 34.0 65.0 53.0 47.0 51.0 61.0 50.0 57.0 53.0 37.0 40.0 50.0 19.0 30.0 83.0 61.0 75.0 53.0 94.0 54.0 55.0 31.0 76.0 66.0 76.0 80.0 37.0 0.0 10.0 101.0 84.0 67.0 85.0 74.0 85.0 92.0 85.0 15.0 74.0 63.0 54.0 28.0 81.0 56.0 75.0 59.0 92.0 52.0 62.0 30.0 82.0 61.0 76.0 76.0 34.0 10.0 0.0 98.0 77.0 70.0 79.0 79.0 80.0 87.0 78.0 23.0 73.0 68.0 52.0 71.0 21.0 44.0 38.0 86.0 17.0 49.0 95.0 70.0 91.0 39.0 39.0 23.0 65.0 101.0 98.0 0.0 49.0 64.0 33.0 80.0 26.0 25.0 45.0 98.0 33.0 77.0 49.0 60.0 50.0 31.0 65.0 96.0 58.0 52.0 105.0 62.0 112.0 28.0 65.0 33.0 53.0 84.0 77.0 49.0 0.0 85.0 16.0 102.0 24.0 24.0 5.0 88.0 56.0 94.0 52.0 48.0 45.0 55.0 26.0 25.0 49.0 34.0 33.0 44.0 28.0 57.0 26.0 57.0 47.0 67.0 70.0 64.0 85.0 0.0 74.0 18.0 69.0 74.0 83.0 56.0 34.0 13.0 34.0 57.0 35.0 26.0 51.0 88.0 42.0 44.0 97.0 59.0 101.0 21.0 52.0 18.0 51.0 85.0 79.0 33.0 16.0 74.0 0.0 91.0 8.0 10.0 13.0 86.0 43.0 84.0 44.0 60.0 62.0 72.0 43.0 23.0 64.0 51.0 27.0 56.0 12.0 74.0 42.0 74.0 61.0 74.0 79.0 80.0 102.0 18.0 91.0 0.0 85.0 91.0 99.0 61.0 50.0 11.0 51.0 57.0 28.0 25.0 45.0 84.0 35.0 41.0 94.0 58.0 96.0 20.0 46.0 12.0 50.0 85.0 80.0 26.0 24.0 69.0 8.0 85.0 0.0 7.0 20.0 86.0 37.0 79.0 41.0 64.0 32.0 32.0 50.0 91.0 37.0 48.0 100.0 65.0 102.0 27.0 51.0 17.0 57.0 92.0 87.0 25.0 24.0 74.0 10.0 91.0 7.0 0.0 20.0 93.0 42.0 85.0 48.0 60.0 46.0 30.0 62.0 95.0 54.0 51.0 104.0 62.0 110.0 26.0 62.0 29.0 53.0 85.0 78.0 45.0 5.0 83.0 13.0 99.0 20.0 20.0 0.0 88.0 53.0 92.0 51.0 29.0 79.0 62.0 69.0 39.0 89.0 50.0 41.0 29.0 62.0 67.0 69.0 79.0 37.0 15.0 23.0 98.0 88.0 56.0 86.0 61.0 86.0 93.0 88.0 0.0 69.0 50.0 50.0 46.0 13.0 32.0 9.0 54.0 20.0 22.0 63.0 44.0 61.0 31.0 10.0 25.0 40.0 74.0 73.0 33.0 56.0 34.0 43.0 50.0 37.0 42.0 53.0 69.0 0.0 46.0 22.0 49.0 58.0 63.0 39.0 14.0 62.0 42.0 21.0 45.0 18.0 66.0 39.0 68.0 50.0 63.0 68.0 77.0 94.0 13.0 84.0 11.0 79.0 85.0 92.0 50.0 46.0 0.0 42.0 25.0 30.0 22.0 25.0 45.0 40.0 0.0 54.0 23.0 60.0 25.0 26.0 32.0 19.0 54.0 52.0 49.0 52.0 34.0 44.0 51.0 41.0 48.0 51.0 50.0 22.0 42.0 0.0 
5 14 2 12 
33 67 64 24 35 35 73 41 71 89 74 18 50 50 73 98 37 68 94 90 36 30 74 41 48 19 34 60 19 93 13 86 65 4 17 10 80 66 33 10 91 79 40 11 40 4 21 9 33 96 66 36 80 79 50 50 