6 20 1 4 3 160 65 319 125 10 20
14 23 0 0 13 28 0 0 27 31 0 0 0 0 41 19 0 0 36 37 0 0 35 47 
0 0 5 5 0 1 0 5 0 3 5 4 0 3 5 4 5 2 0 0 5 1 0 0 0 2 0 0 2 0 2 4 0 3 0 2 0 4 4 0 0 0 5 3 0 4 5 0 0 0 3 1 3 0 0 4 5 0 0 2 0 0 5 4 0 0 1 1 2 4 2 5 5 3 0 4 0 4 2 0 
0 1 1 0 1 0 1 1 0 1 1 1 1 0 1 1 0 0 1 0 0 1 0 1 1 0 0 1 1 0 0 0 0 1 0 0 1 1 1 0 0 0 0 1 0 1 1 0 1 0 1 1 0 1 0 1 1 0 0 0 
1 1 1 1 1 1 1 1 1 1 1 1 1 1 1 1 1 1 1 1 1 1 1 1 1 1 1 1 1 1 1 1 1 1 1 1 1 1 1 1 1 1 1 1 1 1 1 1 1 1 1 1 1 1 1 1 1 1 1 1 1 1 1 1 1 1 1 1 1 1 1 1 1 1 1 1 1 1 1 1 1 1 1 1 1 1 1 1 1 1 1 1 1 1 1 1 1 1 1 1 1 1 1 1 1 1 1 1 1 1 1 1 1 1 1 1 1 1 1 1 1 1 1 1 1 1 1 1 1 1 1 1 1 1 1 1 1 1 1 1 1 1 1 1 1 1 1 1 1 1 1 1 1 1 1 1 1 1 1 1 1 1 1 1 1 1 1 1 1 1 1 1 1 1 1 1 1 1 1 1 1 1 1 1 1 1 1 1 1 1 1 1 1 1 1 1 1 1 1 1 
0 0 0 0 10 10 6 7 0 0 8 10 0 0 7 7 0 0 10 10 6 9 7 8 0 0 6 9 6 8 5 9 10 10 4 8 0 0 0 0 2 6 8 10 0 0 0 0 0 0 6 10 0 0 0 0 5 7 0 0 6 10 7 8 0 0 1 2 0 0 8 10 0 0 1 9 3 10 0 0 0 0 0 0 6 7 10 10 0 0 10 10 9 10 0 0 0 0 0 0 8 9 9 10 8 9 0 0 0 0 7 10 7 10 0 0 0 0 4 5 0 0 0 0 8 10 6 9 0 0 0 0 1 10 4 7 9 10 4 4 7 8 10 10 6 10 4 7 0 0 3 5 0 0 5 8 9 10 0 0 
7 1 7 10 
0.0 98.0 50.0 82.0 93.0 61.0 44.0 57.0 56.0 24.0 60.0 58.0 24.0 79.0 40.0 66.0 6.0 87.0 81.0 56.0 52.0 100.0 65.0 47.0 87.0 75.0 66.0 44.0 98.0 0.0 48.0 35.0 39.0 78.0 59.0 53.0 65.0 85.0 62.0 74.0 74.0 48.0 80.0 38.0 92.0 72.0 81.0 103.0 67.0 19.0 34.0 51.0 63.0 37.0 32.0 59.0 50.0 48.0 0.0 39.0 51.0 51.0 18.0 25.0 37.0 41.0 37.0 45.0 27.0 43.0 41.0 21.0 45.0 63.0 64.0 68.0 34.0 52.0 15.0 6.0 57.0 32.0 16.0 18.0 82.0 35.0 39.0 0.0 13.0 86.0 39.0 27.0 72.0 79.0 70.0 81.0 61.0 13.0 54.0 19.0 77.0 38.0 46.0 73.0 39.0 23.0 32.0 44.0 30.0 8.0 29.0 39.0 93.0 39.0 51.0 13.0 0.0 98.0 51.0 37.0 84.0 91.0 82.0 93.0 72.0 17.0 62.0 31.0 89.0 36.0 46.0 78.0 47.0 23.0 44.0 56.0 27.0 19.0 41.0 51.0 61.0 78.0 51.0 86.0 98.0 0.0 64.0 75.0 15.0 37.0 17.0 6.0 51.0 93.0 81.0 70.0 58.0 113.0 114.0 107.0 82.0 91.0 55.0 47.0 108.0 81.0 58.0 64.0 44.0 59.0 18.0 39.0 51.0 64.0 0.0 15.0 50.0 43.0 51.0 58.0 23.0 38.0 24.0 24.0 39.0 52.0 51.0 50.0 19.0 58.0 29.0 19.0 48.0 32.0 29.0 0.0 57.0 53.0 25.0 27.0 37.0 75.0 15.0 0.0 61.0 57.0 61.0 69.0 37.0 24.0 28.0 16.0 52.0 39.0 40.0 50.0 14.0 49.0 30.0 29.0 35.0 20.0 29.0 15.0 56.0 65.0 37.0 72.0 84.0 15.0 50.0 61.0 0.0 33.0 5.0 10.0 41.0 78.0 69.0 55.0 51.0 99.0 100.0 96.0 68.0 77.0 40.0 32.0 93.0 66.0 43.0 50.0 24.0 85.0 41.0 79.0 91.0 37.0 43.0 57.0 33.0 0.0 37.0 34.0 22.0 79.0 51.0 61.0 21.0 94.0 91.0 74.0 58.0 92.0 53.0 36.0 91.0 72.0 56.0 43.0 60.0 62.0 37.0 70.0 82.0 17.0 51.0 61.0 5.0 37.0 0.0 12.0 44.0 77.0 71.0 54.0 55.0 99.0 100.0 98.0 69.0 74.0 39.0 33.0 93.0 65.0 42.0 51.0 58.0 74.0 45.0 81.0 93.0 6.0 58.0 69.0 10.0 34.0 12.0 0.0 46.0 87.0 76.0 65.0 53.0 108.0 108.0 102.0 76.0 86.0 50.0 41.0 102.0 76.0 53.0 58.0 24.0 74.0 27.0 61.0 72.0 51.0 23.0 37.0 41.0 22.0 44.0 46.0 0.0 60.0 31.0 43.0 19.0 72.0 69.0 56.0 36.0 77.0 41.0 24.0 70.0 53.0 43.0 23.0 79.0 48.0 43.0 13.0 17.0 93.0 38.0 24.0 78.0 79.0 77.0 87.0 60.0 0.0 46.0 23.0 75.0 26.0 33.0 62.0 31.0 35.0 40.0 48.0 17.0 14.0 37.0 38.0 40.0 80.0 41.0 54.0 62.0 81.0 24.0 28.0 69.0 51.0 71.0 76.0 31.0 46.0 0.0 43.0 37.0 49.0 42.0 28.0 16.0 76.0 52.0 42.0 49.0 47.0 52.0 24.0 66.0 38.0 21.0 19.0 31.0 70.0 24.0 16.0 55.0 61.0 54.0 65.0 43.0 23.0 43.0 0.0 61.0 47.0 51.0 66.0 30.0 35.0 18.0 26.0 39.0 12.0 15.0 24.0 6.0 92.0 45.0 77.0 89.0 58.0 39.0 52.0 51.0 21.0 55.0 53.0 19.0 75.0 37.0 61.0 0.0 84.0 79.0 56.0 48.0 95.0 59.0 42.0 83.0 70.0 61.0 39.0 87.0 72.0 63.0 38.0 36.0 113.0 52.0 39.0 99.0 94.0 99.0 108.0 72.0 26.0 49.0 47.0 84.0 0.0 13.0 52.0 37.0 58.0 64.0 67.0 9.0 39.0 61.0 52.0 81.0 81.0 64.0 46.0 46.0 114.0 51.0 40.0 100.0 91.0 100.0 108.0 69.0 33.0 42.0 51.0 79.0 13.0 0.0 41.0 34.0 67.0 68.0 68.0 20.0 45.0 65.0 51.0 56.0 103.0 68.0 73.0 78.0 107.0 50.0 50.0 96.0 74.0 98.0 102.0 56.0 62.0 28.0 66.0 56.0 52.0 41.0 0.0 37.0 96.0 78.0 69.0 57.0 68.0 77.0 50.0 52.0 67.0 34.0 39.0 47.0 82.0 19.0 14.0 68.0 58.0 69.0 76.0 36.0 31.0 16.0 30.0 48.0 37.0 34.0 37.0 0.0 61.0 43.0 37.0 36.0 33.0 42.0 19.0 100.0 19.0 52.0 23.0 23.0 91.0 58.0 49.0 77.0 92.0 74.0 86.0 77.0 35.0 76.0 35.0 95.0 58.0 67.0 96.0 61.0 0.0 40.0 56.0 49.0 29.0 37.0 58.0 65.0 34.0 15.0 32.0 44.0 55.0 29.0 30.0 40.0 53.0 39.0 50.0 41.0 40.0 52.0 18.0 59.0 64.0 68.0 78.0 43.0 40.0 0.0 18.0 57.0 28.0 4.0 29.0 47.0 51.0 6.0 44.0 56.0 47.0 19.0 29.0 32.0 36.0 33.0 41.0 24.0 48.0 42.0 26.0 42.0 67.0 68.0 69.0 37.0 56.0 18.0 0.0 62.0 37.0 20.0 19.0 87.0 63.0 57.0 30.0 27.0 108.0 48.0 35.0 93.0 91.0 93.0 102.0 70.0 17.0 49.0 39.0 83.0 9.0 20.0 57.0 36.0 49.0 57.0 62.0 0.0 31.0 54.0 48.0 75.0 37.0 32.0 8.0 19.0 81.0 32.0 20.0 66.0 72.0 65.0 76.0 53.0 14.0 47.0 12.0 70.0 39.0 45.0 68.0 33.0 29.0 28.0 37.0 31.0 0.0 25.0 32.0 66.0 32.0 16.0 29.0 41.0 58.0 29.0 29.0 43.0 56.0 42.0 53.0 43.0 37.0 52.0 15.0 61.0 61.0 65.0 77.0 42.0 37.0 4.0 20.0 54.0 25.0 0.0 29.0 44.0 59.0 18.0 39.0 51.0 64.0 0.0 15.0 50.0 43.0 51.0 58.0 23.0 38.0 24.0 24.0 39.0 52.0 51.0 50.0 19.0 58.0 29.0 19.0 48.0 32.0 29.0 0.0 
3 3 1 10 
91 37 14 96 51 67 13 62 1 60 91 98 50 50 36 48 78 91 91 61 75 94 87 94 72 51 13 49 53 27 31 63 87 41 5 25 13 16 50 0 40 35 2 82 41 77 56 68 5 34 20 60 38 76 50 50 