6 20 1 4 3 268 65 536 125 10 20
4 26 0 0 4 31 0 0 3 32 0 0 0 0 29 11 0 0 36 13 0 0 14 17 
0 0 3 0 1 4 0 0 0 4 0 3 1 0 3 4 0 0 0 2 0 0 0 1 2 5 3 1 0 2 5 0 1 4 0 1 1 0 3 1 1 0 5 5 0 5 0 0 0 1 0 1 0 3 0 0 0 0 5 3 0 3 5 2 0 0 0 3 0 0 3 1 0 0 0 1 0 1 2 0 
0 1 0 1 0 1 1 1 1 0 1 1 1 0 0 1 1 0 0 0 1 0 0 0 1 1 1 0 1 1 0 1 1 0 0 0 1 0 0 1 1 0 0 1 1 0 0 1 0 0 1 0 1 1 1 1 0 0 1 0 
1 1 1 1 1 1 1 1 1 1 1 1 1 1 1 1 1 1 1 1 1 1 1 1 1 1 1 1 1 1 1 1 1 1 1 1 1 1 1 1 1 1 1 1 1 1 1 1 1 1 1 1 1 1 1 1 1 1 1 1 1 1 1 1 1 1 1 1 1 1 1 1 1 1 1 1 1 1 1 1 1 1 1 1 1 1 1 1 1 1 1 1 1 1 1 1 1 1 1 1 1 1 1 1 1 1 1 1 1 1 1 1 1 1 1 1 1 1 1 1 1 1 1 1 1 1 1 1 1 1 1 1 1 1 1 1 1 1 1 1 1 1 1 1 1 1 1 1 1 1 1 1 1 1 1 1 1 1 1 1 1 1 1 1 1 1 1 1 1 1 1 1 1 1 1 1 1 1 1 1 1 1 1 1 1 1 1 1 1 1 1 1 1 1 1 1 1 1 1 1 
0 0 0 0 6 6 0 0 10 10 6 9 0 0 0 0 0 0 3 3 0 0 8 9 3 7 0 0 6 7 10 10 0 0 0 0 0 0 2 7 0 0 0 0 0 0 3 6 9 10 6 8 1 7 10 10 0 0 5 10 6 10 0 0 9 10 10 10 0 0 10 10 6 8 0 0 7 10 5 6 2 2 0 0 7 8 7 9 0 0 1 10 0 0 0 0 0 0 7 8 0 0 4 8 0 0 2 8 0 0 0 0 0 0 0 0 4 10 9 10 0 0 9 10 4 4 3 7 0 0 0 0 0 0 6 10 0 0 0 0 5 8 10 10 0 0 0 0 0 0 4 5 0 0 10 10 4 5 0 0 
5 8 9 5 
0.0 97.0 61.0 38.0 62.0 76.0 49.0 46.0 42.0 67.0 88.0 45.0 16.0 9.0 57.0 96.0 101.0 96.0 23.0 72.0 80.0 95.0 19.0 51.0 77.0 58.0 57.0 49.0 97.0 0.0 42.0 67.0 81.0 22.0 49.0 69.0 56.0 67.0 32.0 54.0 110.0 90.0 67.0 23.0 11.0 11.0 102.0 34.0 43.0 29.0 92.0 61.0 41.0 58.0 44.0 49.0 61.0 42.0 0.0 42.0 44.0 22.0 19.0 50.0 23.0 32.0 50.0 27.0 72.0 53.0 29.0 51.0 42.0 37.0 61.0 11.0 52.0 54.0 52.0 20.0 48.0 48.0 30.0 19.0 38.0 67.0 42.0 0.0 69.0 48.0 24.0 12.0 20.0 65.0 51.0 16.0 53.0 33.0 57.0 61.0 73.0 68.0 54.0 52.0 43.0 59.0 44.0 46.0 40.0 21.0 23.0 24.0 62.0 81.0 44.0 69.0 0.0 65.0 53.0 81.0 52.0 16.0 93.0 59.0 63.0 56.0 16.0 95.0 77.0 74.0 47.0 48.0 94.0 97.0 44.0 26.0 90.0 84.0 69.0 53.0 76.0 22.0 22.0 48.0 65.0 0.0 28.0 52.0 35.0 51.0 31.0 34.0 89.0 68.0 50.0 31.0 26.0 21.0 81.0 19.0 38.0 34.0 71.0 41.0 34.0 44.0 27.0 28.0 49.0 49.0 19.0 24.0 53.0 28.0 0.0 32.0 7.0 45.0 45.0 9.0 62.0 41.0 39.0 51.0 53.0 48.0 55.0 28.0 43.0 51.0 45.0 27.0 39.0 32.0 16.0 0.0 46.0 69.0 50.0 12.0 81.0 52.0 32.0 0.0 30.0 75.0 48.0 24.0 61.0 43.0 68.0 59.0 76.0 71.0 64.0 59.0 38.0 56.0 54.0 57.0 36.0 13.0 26.0 32.0 42.0 56.0 23.0 20.0 52.0 35.0 7.0 30.0 0.0 46.0 50.0 7.0 55.0 34.0 39.0 56.0 59.0 54.0 50.0 34.0 47.0 56.0 39.0 27.0 43.0 32.0 20.0 7.0 67.0 67.0 32.0 65.0 16.0 51.0 45.0 75.0 46.0 0.0 81.0 52.0 71.0 59.0 10.0 81.0 62.0 59.0 55.0 34.0 84.0 84.0 50.0 19.0 79.0 76.0 59.0 45.0 88.0 32.0 50.0 51.0 93.0 31.0 45.0 48.0 50.0 81.0 0.0 45.0 102.0 81.0 78.0 12.0 42.0 40.0 99.0 49.0 14.0 8.0 88.0 68.0 13.0 35.0 32.0 45.0 45.0 54.0 27.0 16.0 59.0 34.0 9.0 24.0 7.0 52.0 45.0 0.0 58.0 37.0 45.0 52.0 59.0 54.0 54.0 37.0 41.0 52.0 44.0 34.0 37.0 25.0 14.0 9.0 16.0 110.0 72.0 53.0 63.0 89.0 62.0 61.0 55.0 71.0 102.0 58.0 0.0 22.0 62.0 110.0 112.0 107.0 18.0 82.0 95.0 110.0 22.0 59.0 92.0 73.0 72.0 62.0 9.0 90.0 53.0 33.0 56.0 68.0 41.0 43.0 34.0 59.0 81.0 37.0 22.0 0.0 50.0 89.0 93.0 88.0 22.0 64.0 75.0 89.0 15.0 43.0 72.0 53.0 51.0 41.0 57.0 67.0 29.0 57.0 16.0 50.0 39.0 68.0 39.0 10.0 78.0 45.0 62.0 50.0 0.0 80.0 64.0 60.0 47.0 33.0 79.0 82.0 41.0 12.0 75.0 70.0 54.0 39.0 96.0 23.0 51.0 61.0 95.0 31.0 51.0 59.0 56.0 81.0 12.0 52.0 110.0 89.0 80.0 0.0 34.0 33.0 105.0 49.0 25.0 6.0 95.0 71.0 24.0 46.0 39.0 51.0 101.0 11.0 42.0 73.0 77.0 26.0 53.0 76.0 59.0 62.0 42.0 59.0 112.0 93.0 64.0 34.0 0.0 5.0 103.0 32.0 54.0 39.0 93.0 59.0 51.0 67.0 51.0 53.0 96.0 11.0 37.0 68.0 74.0 21.0 48.0 71.0 54.0 59.0 40.0 54.0 107.0 88.0 60.0 33.0 5.0 0.0 98.0 28.0 51.0 38.0 88.0 55.0 48.0 63.0 46.0 48.0 23.0 102.0 61.0 54.0 47.0 81.0 55.0 64.0 50.0 55.0 99.0 54.0 18.0 22.0 47.0 105.0 103.0 98.0 0.0 71.0 94.0 106.0 11.0 45.0 90.0 74.0 68.0 55.0 72.0 34.0 11.0 52.0 48.0 19.0 28.0 59.0 34.0 34.0 49.0 37.0 82.0 64.0 33.0 49.0 32.0 28.0 71.0 0.0 55.0 52.0 62.0 27.0 50.0 55.0 36.0 28.0 80.0 43.0 52.0 43.0 94.0 38.0 43.0 38.0 47.0 84.0 14.0 41.0 95.0 75.0 79.0 25.0 54.0 51.0 94.0 55.0 0.0 21.0 84.0 69.0 5.0 25.0 28.0 43.0 95.0 29.0 54.0 59.0 97.0 34.0 51.0 56.0 56.0 84.0 8.0 52.0 110.0 89.0 82.0 6.0 39.0 38.0 106.0 52.0 21.0 0.0 95.0 73.0 21.0 43.0 39.0 51.0 19.0 92.0 52.0 44.0 44.0 71.0 45.0 54.0 39.0 50.0 88.0 44.0 22.0 15.0 41.0 95.0 93.0 88.0 11.0 62.0 84.0 95.0 0.0 38.0 80.0 64.0 58.0 45.0 51.0 61.0 20.0 46.0 26.0 41.0 27.0 57.0 27.0 19.0 68.0 34.0 59.0 43.0 12.0 71.0 59.0 55.0 45.0 27.0 69.0 73.0 38.0 0.0 64.0 58.0 43.0 27.0 77.0 41.0 48.0 40.0 90.0 34.0 39.0 36.0 43.0 79.0 13.0 37.0 92.0 72.0 75.0 24.0 51.0 48.0 90.0 50.0 5.0 21.0 80.0 64.0 0.0 23.0 23.0 39.0 58.0 58.0 48.0 21.0 84.0 44.0 32.0 13.0 32.0 76.0 35.0 25.0 73.0 53.0 70.0 46.0 67.0 63.0 74.0 55.0 25.0 43.0 64.0 58.0 23.0 0.0 19.0 32.0 57.0 44.0 30.0 23.0 69.0 27.0 16.0 26.0 20.0 59.0 32.0 14.0 72.0 51.0 54.0 39.0 51.0 46.0 68.0 36.0 28.0 39.0 58.0 43.0 23.0 19.0 0.0 16.0 49.0 49.0 19.0 24.0 53.0 28.0 0.0 32.0 7.0 45.0 45.0 9.0 62.0 41.0 39.0 51.0 53.0 48.0 55.0 28.0 43.0 51.0 45.0 27.0 39.0 32.0 16.0 0.0 
8 10 11 14 
18 14 83 86 46 68 53 27 3 74 67 72 50 50 63 21 46 45 17 80 94 57 52 42 3 11 21 22 18 71 97 68 77 95 74 91 0 28 50 78 92 44 99 63 10 31 27 64 88 46 73 29 65 46 50 50 