6 20 1 4 3 125 65 249 125 10 20
18 14 0 0 13 9 0 0 21 23 0 0 0 0 24 18 0 0 25 13 0 0 12 14 
0 5 0 0 0 0 0 4 5 0 0 0 0 1 5 0 1 0 4 1 0 0 0 3 4 3 4 0 0 0 0 4 1 0 0 0 0 4 1 0 0 0 1 1 0 5 5 0 5 0 0 0 0 0 2 0 0 0 3 0 1 4 1 0 0 0 0 3 4 0 0 5 0 1 0 5 3 0 0 5 
0 1 0 1 1 1 1 1 0 1 1 1 0 1 0 0 0 1 0 1 0 0 1 1 1 1 1 1 1 1 0 1 0 1 1 1 1 0 1 1 1 1 0 0 1 1 0 0 1 0 1 1 1 0 0 0 1 1 1 0 
1 1 1 1 1 1 1 1 1 1 1 1 1 1 1 1 1 1 1 1 1 1 1 1 1 1 1 1 1 1 1 1 1 1 1 1 1 1 1 1 1 1 1 1 1 1 1 1 1 1 1 1 1 1 1 1 1 1 1 1 1 1 1 1 1 1 1 1 1 1 1 1 1 1 1 1 1 1 1 1 1 1 1 1 1 1 1 1 1 1 1 1 1 1 1 1 1 1 1 1 1 1 1 1 1 1 1 1 1 1 1 1 1 1 1 1 1 1 1 1 1 1 1 1 1 1 1 1 1 1 1 1 1 1 1 1 1 1 1 1 1 1 1 1 1 1 1 1 1 1 1 1 1 1 1 1 1 1 1 1 1 1 1 1 1 1 1 1 1 1 1 1 1 1 1 1 1 1 1 1 1 1 1 1 1 1 1 1 1 1 1 1 1 1 1 1 1 1 1 1 
0 0 1 3 0 0 0 0 0 0 0 0 0 0 6 10 9 10 0 0 0 0 0 0 0 0 10 10 1 6 0 0 6 7 0 0 10 10 1 6 0 0 0 0 0 0 10 10 6 7 8 10 9 10 0 0 0 0 0 0 0 0 10 10 6 10 0 0 0 0 0 0 0 0 3 3 6 8 0 0 0 0 0 0 8 9 6 10 0 0 5 5 2 3 0 0 10 10 0 0 0 0 0 0 0 0 0 0 5 6 0 0 0 0 0 0 2 5 0 0 7 7 8 10 9 10 0 0 0 0 0 0 0 0 1 8 2 6 0 0 0 0 3 6 0 0 5 6 0 0 4 8 7 8 0 0 0 0 5 10 
10 10 4 5 
0.0 39.0 59.0 68.0 70.0 66.0 23.0 40.0 25.0 36.0 80.0 64.0 58.0 47.0 64.0 26.0 52.0 58.0 72.0 21.0 5.0 62.0 40.0 49.0 13.0 61.0 45.0 23.0 39.0 0.0 93.0 38.0 83.0 74.0 45.0 6.0 63.0 68.0 99.0 54.0 34.0 82.0 41.0 15.0 45.0 62.0 97.0 51.0 42.0 67.0 20.0 44.0 49.0 59.0 82.0 45.0 59.0 93.0 0.0 111.0 58.0 65.0 51.0 93.0 36.0 27.0 52.0 88.0 98.0 13.0 102.0 79.0 79.0 69.0 35.0 43.0 55.0 69.0 86.0 77.0 56.0 77.0 21.0 51.0 68.0 38.0 111.0 0.0 79.0 67.0 61.0 33.0 88.0 84.0 98.0 36.0 13.0 101.0 13.0 43.0 36.0 54.0 102.0 70.0 69.0 59.0 28.0 37.0 80.0 47.0 105.0 61.0 70.0 83.0 58.0 79.0 0.0 13.0 48.0 80.0 65.0 45.0 20.0 45.0 67.0 57.0 67.0 72.0 44.0 26.0 30.0 51.0 67.0 21.0 65.0 44.0 77.0 33.0 69.0 48.0 66.0 74.0 65.0 67.0 13.0 0.0 44.0 71.0 66.0 47.0 32.0 33.0 55.0 62.0 55.0 64.0 33.0 14.0 41.0 49.0 63.0 9.0 56.0 33.0 75.0 20.0 73.0 44.0 23.0 45.0 51.0 61.0 48.0 44.0 0.0 44.0 29.0 24.0 59.0 46.0 49.0 41.0 54.0 31.0 35.0 37.0 54.0 10.0 20.0 40.0 35.0 32.0 32.0 41.0 45.0 0.0 40.0 6.0 93.0 33.0 80.0 71.0 44.0 0.0 64.0 67.0 96.0 50.0 29.0 82.0 36.0 15.0 41.0 58.0 95.0 50.0 43.0 64.0 16.0 39.0 51.0 55.0 83.0 44.0 25.0 63.0 36.0 88.0 65.0 66.0 29.0 64.0 0.0 22.0 69.0 75.0 76.0 24.0 81.0 49.0 64.0 62.0 57.0 20.0 21.0 65.0 60.0 60.0 20.0 68.0 20.0 29.0 36.0 68.0 27.0 84.0 45.0 47.0 24.0 67.0 22.0 0.0 48.0 63.0 71.0 18.0 75.0 54.0 54.0 47.0 37.0 18.0 32.0 48.0 59.0 51.0 38.0 54.0 26.0 24.0 80.0 99.0 52.0 98.0 20.0 32.0 59.0 96.0 69.0 48.0 0.0 64.0 86.0 55.0 86.0 87.0 63.0 45.0 18.0 59.0 76.0 40.0 83.0 62.0 85.0 52.0 67.0 59.0 64.0 54.0 88.0 36.0 45.0 33.0 46.0 50.0 75.0 63.0 64.0 0.0 26.0 81.0 23.0 50.0 13.0 21.0 71.0 55.0 63.0 25.0 34.0 16.0 75.0 13.0 88.0 46.0 58.0 34.0 98.0 13.0 67.0 55.0 49.0 29.0 76.0 71.0 86.0 26.0 0.0 89.0 7.0 35.0 24.0 42.0 89.0 58.0 59.0 47.0 19.0 25.0 70.0 36.0 93.0 49.0 47.0 82.0 13.0 101.0 57.0 62.0 41.0 82.0 24.0 18.0 55.0 81.0 89.0 0.0 93.0 68.0 71.0 64.0 39.0 32.0 43.0 64.0 75.0 68.0 44.0 71.0 13.0 41.0 64.0 41.0 102.0 13.0 67.0 55.0 54.0 36.0 81.0 75.0 86.0 23.0 7.0 93.0 0.0 42.0 24.0 42.0 91.0 63.0 65.0 47.0 25.0 26.0 76.0 35.0 98.0 54.0 26.0 15.0 79.0 43.0 72.0 64.0 31.0 15.0 49.0 54.0 87.0 50.0 35.0 68.0 42.0 0.0 39.0 52.0 83.0 37.0 29.0 58.0 18.0 36.0 37.0 52.0 69.0 31.0 52.0 45.0 79.0 36.0 44.0 33.0 35.0 41.0 64.0 54.0 63.0 13.0 24.0 71.0 24.0 39.0 0.0 19.0 67.0 44.0 51.0 25.0 25.0 4.0 63.0 15.0 78.0 35.0 58.0 62.0 69.0 54.0 26.0 14.0 37.0 58.0 62.0 47.0 45.0 21.0 42.0 64.0 42.0 52.0 19.0 0.0 51.0 44.0 56.0 6.0 42.0 19.0 68.0 9.0 73.0 37.0 72.0 97.0 35.0 102.0 30.0 41.0 54.0 95.0 57.0 37.0 18.0 71.0 89.0 39.0 91.0 83.0 67.0 51.0 0.0 51.0 68.0 47.0 83.0 65.0 74.0 59.0 51.0 54.0 21.0 51.0 43.0 70.0 51.0 49.0 10.0 50.0 20.0 18.0 59.0 55.0 58.0 32.0 63.0 37.0 44.0 44.0 51.0 0.0 17.0 47.0 43.0 41.0 27.0 49.0 36.0 10.0 5.0 42.0 55.0 69.0 67.0 63.0 20.0 43.0 21.0 32.0 76.0 63.0 59.0 43.0 65.0 29.0 51.0 56.0 68.0 17.0 0.0 60.0 42.0 48.0 13.0 60.0 41.0 20.0 62.0 67.0 69.0 59.0 21.0 9.0 40.0 64.0 65.0 48.0 40.0 25.0 47.0 64.0 47.0 58.0 25.0 6.0 47.0 47.0 60.0 0.0 48.0 25.0 72.0 13.0 74.0 40.0 40.0 20.0 86.0 28.0 65.0 56.0 35.0 16.0 60.0 59.0 83.0 34.0 19.0 75.0 25.0 18.0 25.0 42.0 83.0 43.0 42.0 48.0 0.0 24.0 52.0 39.0 78.0 35.0 49.0 44.0 77.0 37.0 44.0 33.0 32.0 39.0 60.0 51.0 62.0 16.0 25.0 68.0 26.0 36.0 4.0 19.0 65.0 41.0 48.0 25.0 24.0 0.0 60.0 16.0 75.0 32.0 13.0 49.0 56.0 80.0 77.0 75.0 32.0 51.0 20.0 38.0 85.0 75.0 70.0 44.0 76.0 37.0 63.0 68.0 74.0 27.0 13.0 72.0 52.0 60.0 0.0 72.0 39.0 32.0 61.0 59.0 77.0 47.0 33.0 20.0 41.0 55.0 68.0 54.0 52.0 13.0 36.0 71.0 35.0 52.0 15.0 9.0 59.0 49.0 60.0 13.0 39.0 16.0 72.0 0.0 80.0 41.0 45.0 82.0 21.0 105.0 69.0 73.0 45.0 83.0 20.0 26.0 67.0 88.0 93.0 13.0 98.0 69.0 78.0 73.0 51.0 36.0 41.0 74.0 78.0 75.0 39.0 80.0 0.0 45.0 23.0 45.0 51.0 61.0 48.0 44.0 0.0 44.0 29.0 24.0 59.0 46.0 49.0 41.0 54.0 31.0 35.0 37.0 54.0 10.0 20.0 40.0 35.0 32.0 32.0 41.0 45.0 0.0 
2 7 12 1 
40 70 6 53 98 66 0 16 78 12 66 10 50 50 7 48 64 75 73 56 97 15 34 7 12 20 86 68 12 13 20 54 35 19 53 14 100 32 56 57 44 69 58 11 18 37 36 22 45 81 46 10 83 80 50 50 