6 20 1 4 3 239 65 477 125 10 20
19 21 0 0 17 12 0 0 29 16 0 0 0 0 21 20 0 0 31 27 0 0 19 13 
5 0 0 0 0 4 4 5 0 3 5 5 3 0 5 3 0 0 4 0 0 3 0 0 5 5 4 5 4 0 5 2 0 0 3 0 1 2 0 2 1 0 1 1 0 5 0 2 3 0 0 0 4 2 2 3 2 4 0 0 3 0 0 1 0 0 3 0 3 4 3 1 0 1 0 0 4 0 1 0 
0 0 1 1 1 1 1 1 1 0 0 0 0 0 0 0 0 0 1 1 0 1 1 1 0 0 1 0 0 1 0 0 0 0 0 0 0 0 0 1 1 1 1 0 0 1 1 1 0 1 0 1 0 1 1 1 0 0 1 1 
1 1 1 1 1 1 1 1 1 1 1 1 1 1 1 1 1 1 1 1 1 1 1 1 1 1 1 1 1 1 1 1 1 1 1 1 1 1 1 1 1 1 1 1 1 1 1 1 1 1 1 1 1 1 1 1 1 1 1 1 1 1 1 1 1 1 1 1 1 1 1 1 1 1 1 1 1 1 1 1 1 1 1 1 1 1 1 1 1 1 1 1 1 1 1 1 1 1 1 1 1 1 1 1 1 1 1 1 1 1 1 1 1 1 1 1 1 1 1 1 1 1 1 1 1 1 1 1 1 1 1 1 1 1 1 1 1 1 1 1 1 1 1 1 1 1 1 1 1 1 1 1 1 1 1 1 1 1 1 1 1 1 1 1 1 1 1 1 1 1 1 1 1 1 1 1 1 1 1 1 1 1 1 1 1 1 1 1 1 1 1 1 1 1 1 1 1 1 1 1 
8 10 0 0 0 0 0 0 0 0 7 8 5 8 6 10 0 0 3 8 5 5 5 8 9 10 0 0 3 5 6 6 0 0 0 0 7 10 0 0 0 0 7 9 0 0 0 0 9 10 10 10 2 6 5 9 1 7 0 0 4 9 6 10 0 0 0 0 1 5 0 0 3 6 3 9 0 0 1 1 8 10 0 0 6 10 2 2 0 0 5 10 0 0 1 2 7 8 0 0 0 0 0 0 1 6 6 10 9 10 3 3 10 10 4 6 0 0 0 0 6 9 0 0 0 0 9 10 0 0 0 0 10 10 0 0 9 10 8 10 10 10 7 8 0 0 5 6 0 0 0 0 6 7 0 0 1 5 0 0 
3 9 2 8 
0.0 94.0 21.0 53.0 59.0 86.0 57.0 47.0 30.0 67.0 103.0 103.0 22.0 57.0 45.0 88.0 64.0 39.0 99.0 53.0 75.0 8.0 83.0 69.0 22.0 108.0 69.0 57.0 94.0 0.0 86.0 71.0 47.0 74.0 38.0 71.0 86.0 27.0 27.0 11.0 72.0 51.0 50.0 10.0 65.0 57.0 6.0 68.0 39.0 93.0 41.0 55.0 87.0 23.0 54.0 38.0 21.0 86.0 0.0 63.0 61.0 66.0 50.0 57.0 9.0 59.0 100.0 93.0 25.0 42.0 42.0 82.0 72.0 30.0 91.0 62.0 76.0 15.0 68.0 74.0 38.0 103.0 51.0 50.0 53.0 71.0 63.0 0.0 24.0 106.0 45.0 7.0 69.0 53.0 67.0 82.0 38.0 68.0 36.0 62.0 13.0 47.0 75.0 3.0 35.0 58.0 86.0 22.0 33.0 75.0 81.0 45.0 59.0 47.0 61.0 24.0 0.0 88.0 25.0 24.0 66.0 30.0 47.0 58.0 38.0 52.0 22.0 38.0 22.0 36.0 51.0 21.0 17.0 62.0 64.0 17.0 45.0 53.0 63.0 25.0 86.0 74.0 66.0 106.0 88.0 0.0 65.0 101.0 59.0 62.0 100.0 73.0 76.0 38.0 70.0 78.0 109.0 60.0 78.0 103.0 95.0 80.0 34.0 104.0 97.0 96.0 26.0 65.0 57.0 38.0 50.0 45.0 25.0 65.0 0.0 42.0 52.0 11.0 51.0 47.0 35.0 28.0 13.0 33.0 45.0 21.0 43.0 42.0 33.0 56.0 41.0 40.0 51.0 53.0 39.0 0.0 47.0 71.0 57.0 7.0 24.0 101.0 42.0 0.0 63.0 51.0 69.0 81.0 32.0 64.0 32.0 62.0 18.0 42.0 75.0 7.0 37.0 52.0 82.0 25.0 27.0 77.0 77.0 42.0 30.0 86.0 9.0 69.0 66.0 59.0 52.0 63.0 0.0 60.0 102.0 92.0 32.0 38.0 45.0 83.0 78.0 32.0 91.0 69.0 80.0 23.0 64.0 80.0 47.0 104.0 46.0 52.0 67.0 27.0 59.0 53.0 30.0 62.0 11.0 51.0 60.0 0.0 44.0 36.0 46.0 30.0 24.0 24.0 51.0 30.0 33.0 50.0 34.0 66.0 35.0 45.0 62.0 45.0 37.0 11.0 103.0 27.0 100.0 67.0 47.0 100.0 51.0 69.0 102.0 44.0 0.0 33.0 82.0 73.0 60.0 23.0 57.0 71.0 25.0 64.0 32.0 105.0 67.0 46.0 91.0 11.0 78.0 51.0 103.0 11.0 93.0 82.0 58.0 73.0 47.0 81.0 92.0 36.0 33.0 0.0 81.0 56.0 59.0 21.0 76.0 65.0 9.0 79.0 50.0 102.0 41.0 66.0 97.0 26.0 56.0 47.0 22.0 72.0 25.0 38.0 38.0 76.0 35.0 32.0 32.0 46.0 82.0 81.0 0.0 42.0 23.0 66.0 48.0 20.0 78.0 38.0 54.0 24.0 67.0 51.0 21.0 86.0 55.0 35.0 57.0 51.0 42.0 68.0 52.0 38.0 28.0 64.0 38.0 30.0 73.0 56.0 42.0 0.0 32.0 51.0 71.0 24.0 57.0 66.0 60.0 54.0 27.0 68.0 62.0 72.0 13.0 28.0 45.0 50.0 42.0 36.0 22.0 70.0 13.0 32.0 45.0 24.0 60.0 59.0 23.0 32.0 0.0 44.0 40.0 15.0 55.0 34.0 36.0 45.0 51.0 38.0 39.0 64.0 45.0 13.0 88.0 10.0 82.0 62.0 38.0 78.0 33.0 62.0 83.0 24.0 23.0 21.0 66.0 51.0 44.0 0.0 56.0 53.0 14.0 59.0 30.0 88.0 46.0 46.0 80.0 22.0 56.0 33.0 64.0 65.0 72.0 13.0 22.0 109.0 45.0 18.0 78.0 51.0 57.0 76.0 48.0 71.0 40.0 56.0 0.0 53.0 69.0 12.0 27.0 69.0 85.0 11.0 45.0 66.0 83.0 45.0 39.0 57.0 30.0 47.0 36.0 60.0 21.0 42.0 32.0 30.0 71.0 65.0 20.0 24.0 15.0 53.0 53.0 0.0 63.0 45.0 50.0 37.0 48.0 52.0 40.0 74.0 37.0 21.0 99.0 6.0 91.0 75.0 51.0 78.0 43.0 75.0 91.0 33.0 25.0 9.0 78.0 57.0 55.0 14.0 69.0 63.0 0.0 72.0 43.0 99.0 45.0 59.0 92.0 19.0 58.0 43.0 53.0 68.0 62.0 3.0 21.0 103.0 42.0 7.0 69.0 50.0 64.0 79.0 38.0 66.0 34.0 59.0 12.0 45.0 72.0 0.0 33.0 58.0 83.0 20.0 33.0 72.0 78.0 42.0 75.0 39.0 76.0 35.0 17.0 95.0 33.0 37.0 80.0 34.0 32.0 50.0 54.0 60.0 36.0 30.0 27.0 50.0 43.0 33.0 0.0 78.0 67.0 16.0 61.0 40.0 70.0 33.0 8.0 93.0 15.0 58.0 62.0 80.0 56.0 52.0 23.0 66.0 105.0 102.0 24.0 54.0 45.0 88.0 69.0 37.0 99.0 58.0 78.0 0.0 80.0 73.0 28.0 109.0 64.0 56.0 83.0 41.0 68.0 86.0 64.0 34.0 41.0 82.0 64.0 35.0 67.0 41.0 67.0 27.0 51.0 46.0 85.0 48.0 45.0 83.0 67.0 80.0 0.0 79.0 87.0 63.0 19.0 41.0 69.0 55.0 74.0 22.0 17.0 104.0 40.0 25.0 80.0 45.0 46.0 66.0 51.0 68.0 38.0 46.0 11.0 52.0 59.0 20.0 16.0 73.0 79.0 0.0 51.0 55.0 79.0 40.0 22.0 87.0 38.0 33.0 45.0 97.0 51.0 27.0 47.0 62.0 91.0 97.0 21.0 62.0 39.0 80.0 45.0 40.0 92.0 33.0 61.0 28.0 87.0 51.0 0.0 98.0 75.0 51.0 108.0 23.0 103.0 75.0 53.0 96.0 53.0 77.0 104.0 45.0 11.0 26.0 86.0 72.0 64.0 22.0 66.0 74.0 19.0 72.0 40.0 109.0 63.0 55.0 98.0 0.0 76.0 53.0 69.0 54.0 51.0 81.0 63.0 26.0 39.0 77.0 46.0 37.0 78.0 56.0 55.0 13.0 45.0 56.0 83.0 37.0 58.0 78.0 70.0 64.0 19.0 79.0 75.0 76.0 0.0 39.0 57.0 38.0 50.0 45.0 25.0 65.0 0.0 42.0 52.0 11.0 51.0 47.0 35.0 28.0 13.0 33.0 45.0 21.0 43.0 42.0 33.0 56.0 41.0 40.0 51.0 53.0 39.0 0.0 
6 14 4 7 
85 94 27 21 93 75 33 91 33 67 100 10 50 50 39 90 98 68 46 40 3 32 27 10 69 79 75 38 54 62 25 30 22 85 68 60 23 17 33 88 19 59 90 89 67 13 19 75 64 99 5 22 80 26 50 50 