6 10 1 4 3 123 125 246 250 5 10
30 6 0 0 14 17 0 0 14 12 0 0 0 0 6 6 0 0 14 11 0 0 9 7 
4 1 0 0 0 0 4 0 5 1 1 2 4 0 0 0 5 5 0 0 4 5 0 0 3 0 5 0 5 5 0 0 0 0 4 4 5 0 3 5 
1 1 1 0 1 0 1 0 0 1 1 1 1 0 0 0 1 1 0 0 1 1 0 1 1 0 0 0 0 1 
1 1 1 1 1 1 1 1 1 1 1 1 1 1 1 1 1 1 1 1 1 1 1 1 1 1 1 1 1 1 1 1 1 1 1 1 1 1 1 1 1 1 1 1 1 1 1 1 1 1 
3 5 3 5 0 0 0 0 0 0 0 0 5 5 0 0 3 3 1 3 2 4 4 5 4 5 0 0 0 0 0 0 2 5 3 5 0 0 0 0 4 5 4 5 0 0 0 0 4 5 0 0 2 2 0 0 3 3 1 2 0 0 0 0 0 0 0 0 4 5 1 1 3 5 0 0 1 2 3 4 
5 5 1 2 
0.0 35.0 54.0 25.0 35.0 54.0 15.0 57.0 8.0 11.0 33.0 29.0 58.0 33.0 45.0 15.0 56.0 15.0 35.0 0.0 85.0 50.0 47.0 85.0 49.0 88.0 28.0 27.0 68.0 39.0 75.0 65.0 63.0 43.0 76.0 49.0 54.0 85.0 0.0 35.0 82.0 7.0 50.0 65.0 59.0 65.0 38.0 79.0 39.0 22.0 83.0 60.0 89.0 50.0 25.0 50.0 35.0 0.0 59.0 37.0 30.0 66.0 27.0 34.0 35.0 53.0 35.0 19.0 66.0 36.0 76.0 30.0 35.0 47.0 82.0 59.0 0.0 80.0 33.0 51.0 38.0 30.0 49.0 9.0 93.0 61.0 17.0 24.0 30.0 33.0 54.0 85.0 7.0 37.0 80.0 0.0 48.0 59.0 59.0 64.0 33.0 77.0 45.0 21.0 80.0 58.0 84.0 48.0 15.0 49.0 50.0 30.0 33.0 48.0 0.0 43.0 23.0 23.0 20.0 30.0 63.0 28.0 38.0 11.0 47.0 0.0 57.0 88.0 65.0 66.0 51.0 59.0 43.0 0.0 65.0 62.0 32.0 55.0 95.0 52.0 39.0 46.0 35.0 43.0 8.0 28.0 59.0 27.0 38.0 59.0 23.0 65.0 0.0 9.0 41.0 30.0 58.0 38.0 50.0 21.0 62.0 23.0 11.0 27.0 65.0 34.0 30.0 64.0 23.0 62.0 9.0 0.0 42.0 22.0 66.0 43.0 43.0 17.0 56.0 23.0 33.0 68.0 38.0 35.0 49.0 33.0 20.0 32.0 41.0 42.0 0.0 47.0 63.0 21.0 47.0 30.0 51.0 20.0 29.0 39.0 79.0 53.0 9.0 77.0 30.0 55.0 30.0 22.0 47.0 0.0 86.0 57.0 24.0 19.0 37.0 30.0 58.0 75.0 39.0 35.0 93.0 45.0 63.0 95.0 58.0 66.0 63.0 86.0 0.0 43.0 100.0 70.0 109.0 63.0 33.0 65.0 22.0 19.0 61.0 21.0 28.0 52.0 38.0 43.0 21.0 57.0 43.0 0.0 63.0 38.0 70.0 28.0 45.0 63.0 83.0 66.0 17.0 80.0 38.0 39.0 50.0 43.0 47.0 24.0 100.0 63.0 0.0 31.0 13.0 38.0 15.0 43.0 60.0 36.0 24.0 58.0 11.0 46.0 21.0 17.0 30.0 19.0 70.0 38.0 31.0 0.0 42.0 11.0 56.0 76.0 89.0 76.0 30.0 84.0 47.0 35.0 62.0 56.0 51.0 37.0 109.0 70.0 13.0 42.0 0.0 47.0 15.0 49.0 50.0 30.0 33.0 48.0 0.0 43.0 23.0 23.0 20.0 30.0 63.0 28.0 38.0 11.0 47.0 0.0 
5 5 1 12 
54 36 78 11 1 45 31 28 82 57 3 51 50 50 45 92 57 29 64 33 34 62 79 49 4 7 23 45 79 73 60 49 79 86 50 50 