6 10 1 4 3 124 125 248 250 5 10
10 18 0 0 6 22 0 0 11 24 0 0 0 0 7 6 0 0 7 5 0 0 9 5 
0 0 5 4 1 3 0 0 4 0 4 0 3 4 0 1 2 5 0 0 0 3 2 0 5 5 3 2 1 0 0 0 0 5 0 0 1 0 0 1 
0 1 0 1 0 0 0 0 0 0 0 1 0 0 0 0 1 0 1 1 1 0 0 0 1 1 1 1 1 0 
1 1 1 1 1 1 1 1 1 1 1 1 1 1 1 1 1 1 1 1 1 1 1 1 1 1 1 1 1 1 1 1 1 1 1 1 1 1 1 1 1 1 1 1 1 1 1 1 1 1 
0 0 0 0 5 5 4 5 5 5 1 2 0 0 0 0 1 2 0 0 2 5 0 0 4 5 5 5 0 0 2 3 4 5 4 5 0 0 0 0 0 0 5 5 4 5 0 0 5 5 1 2 3 4 2 3 4 5 0 0 0 0 0 0 0 0 3 4 0 0 0 0 5 5 0 0 0 0 3 4 
5 5 5 3 
0.0 16.0 39.0 48.0 39.0 41.0 46.0 60.0 86.0 33.0 64.0 79.0 17.0 65.0 72.0 73.0 43.0 46.0 16.0 0.0 53.0 60.0 24.0 26.0 45.0 74.0 91.0 44.0 62.0 80.0 13.0 76.0 66.0 62.0 58.0 45.0 39.0 53.0 0.0 23.0 75.0 78.0 56.0 25.0 72.0 24.0 74.0 78.0 54.0 35.0 88.0 100.0 7.0 56.0 48.0 60.0 23.0 0.0 78.0 80.0 43.0 19.0 49.0 17.0 58.0 58.0 64.0 17.0 75.0 91.0 19.0 43.0 39.0 24.0 75.0 78.0 0.0 4.0 50.0 93.0 100.0 62.0 61.0 82.0 31.0 94.0 58.0 46.0 79.0 50.0 41.0 26.0 78.0 80.0 4.0 0.0 53.0 96.0 103.0 65.0 64.0 85.0 32.0 97.0 60.0 48.0 82.0 53.0 46.0 45.0 56.0 43.0 50.0 53.0 0.0 61.0 50.0 33.0 20.0 35.0 56.0 55.0 33.0 48.0 55.0 0.0 60.0 74.0 25.0 19.0 93.0 96.0 61.0 0.0 58.0 33.0 75.0 73.0 76.0 16.0 92.0 109.0 18.0 61.0 86.0 91.0 72.0 49.0 100.0 103.0 50.0 58.0 0.0 56.0 47.0 29.0 100.0 43.0 64.0 88.0 67.0 50.0 33.0 44.0 24.0 17.0 62.0 65.0 33.0 33.0 56.0 0.0 50.0 56.0 49.0 33.0 65.0 78.0 23.0 33.0 64.0 62.0 74.0 58.0 61.0 64.0 20.0 75.0 47.0 50.0 0.0 22.0 74.0 65.0 19.0 43.0 72.0 20.0 79.0 80.0 78.0 58.0 82.0 85.0 35.0 73.0 29.0 56.0 22.0 0.0 90.0 60.0 37.0 62.0 75.0 35.0 17.0 13.0 54.0 64.0 31.0 32.0 56.0 76.0 100.0 49.0 74.0 90.0 0.0 81.0 78.0 74.0 59.0 56.0 65.0 76.0 35.0 17.0 94.0 97.0 55.0 16.0 43.0 33.0 65.0 60.0 81.0 0.0 84.0 103.0 29.0 55.0 72.0 66.0 88.0 75.0 58.0 60.0 33.0 92.0 64.0 65.0 19.0 37.0 78.0 84.0 0.0 26.0 88.0 33.0 73.0 62.0 100.0 91.0 46.0 48.0 48.0 109.0 88.0 78.0 43.0 62.0 74.0 103.0 26.0 0.0 101.0 48.0 43.0 58.0 7.0 19.0 79.0 82.0 55.0 18.0 67.0 23.0 72.0 75.0 59.0 29.0 88.0 101.0 0.0 55.0 46.0 45.0 56.0 43.0 50.0 53.0 0.0 61.0 50.0 33.0 20.0 35.0 56.0 55.0 33.0 48.0 55.0 0.0 
3 8 7 8 
60 94 74 88 22 98 16 76 93 75 96 76 50 50 1 86 5 29 32 77 51 31 32 21 75 100 0 71 68 23 93 29 17 94 50 50 