6 10 1 4 3 183 125 366 250 5 10
8 8 0 0 9 5 0 0 9 7 0 0 0 0 13 7 0 0 21 16 0 0 21 21 
0 0 0 2 4 0 4 2 0 0 1 0 1 4 5 1 3 0 2 0 3 2 2 2 0 0 1 0 0 0 5 5 0 1 0 5 0 3 5 4 
1 0 1 1 0 0 1 1 0 0 1 0 0 1 1 1 1 0 0 1 1 1 1 0 1 1 1 0 1 0 
1 1 1 1 1 1 1 1 1 1 1 1 1 1 1 1 1 1 1 1 1 1 1 1 1 1 1 1 1 1 1 1 1 1 1 1 1 1 1 1 1 1 1 1 1 1 1 1 1 1 
0 0 0 0 0 0 2 4 5 5 0 0 4 5 5 5 0 0 0 0 2 3 0 0 3 5 1 3 2 3 3 4 1 3 0 0 3 3 0 0 2 4 2 5 2 5 3 5 0 0 0 0 2 4 0 0 0 0 0 0 2 4 5 5 0 0 1 3 0 0 3 5 0 0 3 5 4 5 2 3 
5 3 5 3 
0.0 65.0 70.0 45.0 32.0 18.0 23.0 23.0 72.0 54.0 72.0 62.0 6.0 27.0 29.0 28.0 33.0 23.0 65.0 0.0 55.0 51.0 82.0 82.0 48.0 82.0 36.0 35.0 104.0 4.0 60.0 61.0 78.0 63.0 34.0 48.0 70.0 55.0 0.0 26.0 62.0 86.0 48.0 72.0 23.0 23.0 62.0 54.0 66.0 85.0 59.0 87.0 60.0 48.0 45.0 51.0 26.0 0.0 40.0 61.0 25.0 48.0 35.0 18.0 54.0 49.0 42.0 63.0 36.0 65.0 41.0 25.0 32.0 82.0 62.0 40.0 0.0 36.0 35.0 14.0 74.0 56.0 42.0 79.0 34.0 58.0 4.0 59.0 56.0 35.0 18.0 82.0 86.0 61.0 36.0 0.0 41.0 22.0 90.0 71.0 77.0 79.0 24.0 33.0 36.0 32.0 49.0 41.0 23.0 48.0 48.0 25.0 35.0 41.0 0.0 35.0 49.0 31.0 66.0 45.0 19.0 39.0 31.0 41.0 23.0 0.0 23.0 82.0 72.0 48.0 14.0 22.0 35.0 0.0 81.0 62.0 55.0 79.0 27.0 48.0 15.0 49.0 53.0 35.0 72.0 36.0 23.0 35.0 74.0 90.0 49.0 81.0 0.0 19.0 82.0 36.0 67.0 80.0 70.0 83.0 52.0 49.0 54.0 35.0 23.0 18.0 56.0 71.0 31.0 62.0 19.0 0.0 71.0 34.0 49.0 65.0 53.0 67.0 38.0 31.0 72.0 104.0 62.0 54.0 42.0 77.0 66.0 55.0 82.0 71.0 0.0 102.0 73.0 98.0 43.0 99.0 88.0 66.0 62.0 4.0 54.0 49.0 79.0 79.0 45.0 79.0 36.0 34.0 102.0 0.0 56.0 58.0 75.0 60.0 31.0 45.0 6.0 60.0 66.0 42.0 34.0 24.0 19.0 27.0 67.0 49.0 73.0 56.0 0.0 26.0 31.0 27.0 28.0 19.0 27.0 61.0 85.0 63.0 58.0 33.0 39.0 48.0 80.0 65.0 98.0 58.0 26.0 0.0 55.0 3.0 30.0 39.0 29.0 78.0 59.0 36.0 4.0 36.0 31.0 15.0 70.0 53.0 43.0 75.0 31.0 55.0 0.0 57.0 52.0 31.0 28.0 63.0 87.0 65.0 59.0 32.0 41.0 49.0 83.0 67.0 99.0 60.0 27.0 3.0 57.0 0.0 32.0 41.0 33.0 34.0 60.0 41.0 56.0 49.0 23.0 53.0 52.0 38.0 88.0 31.0 28.0 30.0 52.0 32.0 0.0 23.0 23.0 48.0 48.0 25.0 35.0 41.0 0.0 35.0 49.0 31.0 66.0 45.0 19.0 39.0 31.0 41.0 23.0 0.0 
2 9 14 7 
36 32 97 53 63 96 51 74 16 56 22 21 50 50 16 42 83 86 69 74 2 95 94 52 41 34 53 12 20 56 52 10 68 37 50 50 