6 10 1 4 3 127 125 253 250 5 10
5 15 0 0 9 22 0 0 9 12 0 0 0 0 2 11 0 0 2 5 0 0 3 4 
2 5 0 3 4 2 0 3 0 3 1 0 3 0 0 0 0 0 1 0 3 5 0 2 0 1 0 0 1 0 3 0 0 5 0 4 0 1 0 0 
1 1 0 1 1 1 0 1 0 0 0 1 0 0 0 1 0 0 1 0 0 1 1 1 0 0 1 1 1 0 
1 1 1 1 1 1 1 1 1 1 1 1 1 1 1 1 1 1 1 1 1 1 1 1 1 1 1 1 1 1 1 1 1 1 1 1 1 1 1 1 1 1 1 1 1 1 1 1 1 1 
5 5 1 5 0 0 3 5 5 5 5 5 0 0 4 4 0 0 5 5 5 5 0 0 3 3 0 0 0 0 0 0 0 0 0 0 4 5 0 0 2 3 1 5 0 0 4 5 0 0 2 5 0 0 0 0 3 5 0 0 5 5 0 0 0 0 4 5 0 0 2 4 0 0 3 4 0 0 0 0 
2 1 1 3 
0.0 70.0 59.0 61.0 116.0 7.0 50.0 63.0 90.0 48.0 26.0 37.0 66.0 61.0 81.0 78.0 56.0 50.0 70.0 0.0 43.0 18.0 70.0 74.0 36.0 58.0 20.0 67.0 61.0 46.0 49.0 86.0 93.0 23.0 15.0 36.0 59.0 43.0 0.0 51.0 58.0 59.0 13.0 15.0 58.0 29.0 36.0 60.0 9.0 46.0 50.0 65.0 37.0 13.0 61.0 18.0 51.0 0.0 87.0 65.0 41.0 66.0 33.0 70.0 58.0 31.0 58.0 90.0 100.0 19.0 14.0 41.0 116.0 70.0 58.0 87.0 0.0 116.0 66.0 59.0 68.0 80.0 93.0 109.0 52.0 88.0 78.0 89.0 76.0 66.0 7.0 74.0 59.0 65.0 116.0 0.0 51.0 61.0 94.0 45.0 24.0 43.0 65.0 57.0 77.0 83.0 60.0 51.0 50.0 36.0 13.0 41.0 66.0 51.0 0.0 26.0 53.0 32.0 31.0 48.0 21.0 51.0 59.0 56.0 27.0 0.0 63.0 58.0 15.0 66.0 59.0 61.0 26.0 0.0 73.0 21.0 38.0 71.0 11.0 33.0 35.0 80.0 52.0 26.0 90.0 20.0 58.0 33.0 68.0 94.0 53.0 73.0 0.0 85.0 81.0 64.0 62.0 103.0 107.0 25.0 35.0 53.0 48.0 67.0 29.0 70.0 80.0 45.0 32.0 21.0 85.0 0.0 23.0 66.0 30.0 20.0 35.0 86.0 57.0 32.0 26.0 61.0 36.0 58.0 93.0 24.0 31.0 38.0 81.0 23.0 0.0 47.0 42.0 39.0 57.0 76.0 48.0 31.0 37.0 46.0 60.0 31.0 109.0 43.0 48.0 71.0 64.0 66.0 47.0 0.0 68.0 85.0 100.0 46.0 34.0 48.0 66.0 49.0 9.0 58.0 52.0 65.0 21.0 11.0 62.0 30.0 42.0 68.0 0.0 44.0 45.0 71.0 44.0 21.0 61.0 86.0 46.0 90.0 88.0 57.0 51.0 33.0 103.0 20.0 39.0 85.0 44.0 0.0 22.0 106.0 77.0 51.0 81.0 93.0 50.0 100.0 78.0 77.0 59.0 35.0 107.0 35.0 57.0 100.0 45.0 22.0 0.0 114.0 86.0 59.0 78.0 23.0 65.0 19.0 89.0 83.0 56.0 80.0 25.0 86.0 76.0 46.0 71.0 106.0 114.0 0.0 30.0 56.0 56.0 15.0 37.0 14.0 76.0 60.0 27.0 52.0 35.0 57.0 48.0 34.0 44.0 77.0 86.0 30.0 0.0 27.0 50.0 36.0 13.0 41.0 66.0 51.0 0.0 26.0 53.0 32.0 31.0 48.0 21.0 51.0 59.0 56.0 27.0 0.0 
13 10 4 1 
90 80 21 70 49 38 30 85 4 3 94 75 50 50 58 26 1 70 77 34 80 56 58 97 48 30 90 19 81 0 13 91 35 72 50 50 