6 10 1 4 3 182 125 363 250 5 10
16 5 0 0 15 5 0 0 12 9 0 0 0 0 10 10 0 0 10 7 0 0 9 12 
1 2 2 5 2 2 0 0 4 0 0 0 4 0 0 1 0 0 2 0 4 0 0 4 5 5 0 0 0 0 0 2 0 0 4 0 2 0 2 0 
1 1 0 1 0 0 0 0 1 0 1 0 0 1 1 0 0 0 1 0 1 0 0 0 1 0 1 0 0 0 
1 1 1 1 1 1 1 1 1 1 1 1 1 1 1 1 1 1 1 1 1 1 1 1 1 1 1 1 1 1 1 1 1 1 1 1 1 1 1 1 1 1 1 1 1 1 1 1 1 1 
5 5 5 5 5 5 3 4 1 3 5 5 0 0 0 0 2 3 0 0 0 0 0 0 4 5 0 0 0 0 4 5 0 0 0 0 2 5 0 0 5 5 0 0 0 0 2 2 2 4 3 3 0 0 0 0 0 0 0 0 0 0 5 5 0 0 0 0 1 2 0 0 3 4 0 0 1 5 0 0 
3 4 4 3 
0.0 82.0 27.0 16.0 54.0 43.0 27.0 49.0 46.0 49.0 11.0 35.0 26.0 45.0 28.0 75.0 83.0 27.0 82.0 0.0 69.0 98.0 71.0 93.0 55.0 90.0 43.0 44.0 79.0 104.0 76.0 90.0 100.0 10.0 17.0 55.0 27.0 69.0 0.0 39.0 28.0 67.0 22.0 30.0 27.0 51.0 18.0 36.0 8.0 67.0 33.0 60.0 75.0 22.0 16.0 98.0 39.0 0.0 63.0 47.0 43.0 53.0 61.0 63.0 22.0 29.0 35.0 49.0 22.0 91.0 99.0 43.0 54.0 71.0 28.0 63.0 0.0 94.0 44.0 22.0 33.0 69.0 44.0 50.0 29.0 94.0 50.0 62.0 83.0 44.0 43.0 93.0 67.0 47.0 94.0 0.0 53.0 92.0 74.0 49.0 54.0 74.0 68.0 4.0 67.0 90.0 86.0 53.0 27.0 55.0 22.0 43.0 44.0 53.0 0.0 51.0 22.0 30.0 25.0 52.0 28.0 53.0 47.0 48.0 58.0 0.0 49.0 90.0 30.0 53.0 22.0 92.0 51.0 0.0 49.0 79.0 39.0 32.0 26.0 93.0 34.0 81.0 100.0 51.0 46.0 43.0 27.0 61.0 33.0 74.0 22.0 49.0 0.0 39.0 40.0 62.0 34.0 73.0 59.0 34.0 52.0 22.0 49.0 44.0 51.0 63.0 69.0 49.0 30.0 79.0 39.0 0.0 51.0 80.0 56.0 47.0 74.0 42.0 39.0 30.0 11.0 79.0 18.0 22.0 44.0 54.0 25.0 39.0 40.0 51.0 0.0 29.0 15.0 55.0 23.0 71.0 83.0 25.0 35.0 104.0 36.0 29.0 50.0 74.0 52.0 32.0 62.0 80.0 29.0 0.0 29.0 76.0 8.0 96.0 110.0 52.0 26.0 76.0 8.0 35.0 29.0 68.0 28.0 26.0 34.0 56.0 15.0 29.0 0.0 68.0 26.0 68.0 82.0 28.0 45.0 90.0 67.0 49.0 94.0 4.0 53.0 93.0 73.0 47.0 55.0 76.0 68.0 0.0 69.0 88.0 83.0 53.0 28.0 100.0 33.0 22.0 50.0 67.0 47.0 34.0 59.0 74.0 23.0 8.0 26.0 69.0 0.0 92.0 105.0 47.0 75.0 10.0 60.0 91.0 62.0 90.0 48.0 81.0 34.0 42.0 71.0 96.0 68.0 88.0 92.0 0.0 24.0 48.0 83.0 17.0 75.0 99.0 83.0 86.0 58.0 100.0 52.0 39.0 83.0 110.0 82.0 83.0 105.0 24.0 0.0 58.0 27.0 55.0 22.0 43.0 44.0 53.0 0.0 51.0 22.0 30.0 25.0 52.0 28.0 53.0 47.0 48.0 58.0 0.0 
9 15 14 11 
73 36 8 85 47 29 85 26 23 16 99 70 50 50 39 1 29 48 51 79 64 30 70 2 51 23 97 73 72 9 10 76 18 98 50 50 