6 20 2 4 3 287 125 573 250 5 21
9 33 0 0 17 32 0 0 16 18 0 0 0 0 24 27 0 0 13 19 0 0 20 23 
0 0 1 3 2 4 2 3 0 1 0 0 0 4 0 5 0 5 0 0 0 0 1 0 0 3 1 5 0 0 0 1 1 0 1 3 0 0 0 2 3 0 4 5 0 4 1 0 0 4 5 3 0 1 4 0 5 2 0 2 3 2 5 5 0 4 0 0 5 4 4 0 0 2 3 1 0 0 4 0 
0 0 0 0 0 0 0 0 1 0 0 1 0 0 0 1 1 1 0 1 1 1 0 0 1 0 1 0 0 1 
1 1 1 1 1 1 1 1 1 1 1 1 1 1 1 1 1 1 1 1 1 1 1 1 1 1 1 1 1 1 1 1 1 1 1 1 1 1 1 1 1 1 1 1 1 1 1 1 1 1 1 1 1 1 1 1 1 1 1 1 1 1 1 1 1 1 1 1 1 1 1 1 1 1 1 1 1 1 1 1 1 1 1 1 1 1 1 1 1 1 1 1 1 1 1 1 1 1 1 1 
0 0 0 0 3 5 1 5 5 5 1 4 5 5 1 5 0 0 3 4 0 0 0 0 0 0 1 5 0 0 2 5 0 0 5 5 0 0 0 0 0 0 0 0 2 3 0 0 0 0 1 4 1 5 4 5 0 0 0 0 0 0 5 5 5 5 0 0 4 5 4 5 0 0 0 0 0 0 4 5 4 5 0 0 5 5 4 4 0 0 4 5 5 5 0 0 0 0 1 5 2 3 4 5 0 0 1 5 4 5 0 0 4 5 1 2 0 0 2 3 3 4 5 5 1 5 2 3 0 0 3 5 0 0 0 0 2 5 4 5 4 5 0 0 0 0 1 3 4 5 2 5 0 0 0 0 1 3 0 0 
5 2 4 3 
0.0 82.0 58.0 0.0 49.0 34.0 17.0 88.0 77.0 50.0 16.0 33.0 49.0 102.0 97.0 95.0 100.0 51.0 53.0 35.0 82.0 105.0 28.0 61.0 28.0 83.0 89.0 58.0 17.0 88.0 82.0 0.0 29.0 82.0 64.0 67.0 70.0 40.0 37.0 75.0 67.0 50.0 89.0 58.0 54.0 35.0 69.0 32.0 35.0 86.0 8.0 39.0 65.0 86.0 55.0 82.0 87.0 52.0 70.0 40.0 58.0 29.0 0.0 58.0 37.0 39.0 44.0 36.0 27.0 48.0 43.0 26.0 62.0 54.0 49.0 40.0 60.0 14.0 6.0 58.0 26.0 49.0 37.0 60.0 30.0 62.0 68.0 28.0 44.0 36.0 0.0 82.0 58.0 0.0 49.0 34.0 17.0 88.0 77.0 50.0 16.0 33.0 49.0 102.0 97.0 95.0 100.0 51.0 53.0 35.0 82.0 105.0 28.0 61.0 28.0 83.0 89.0 58.0 17.0 88.0 49.0 64.0 37.0 49.0 0.0 15.0 32.0 48.0 38.0 12.0 42.0 37.0 27.0 57.0 52.0 58.0 52.0 43.0 31.0 28.0 59.0 68.0 22.0 24.0 34.0 36.0 43.0 14.0 32.0 48.0 34.0 67.0 39.0 34.0 15.0 0.0 18.0 59.0 49.0 19.0 29.0 28.0 26.0 71.0 66.0 68.0 67.0 40.0 33.0 20.0 64.0 78.0 8.0 32.0 23.0 50.0 57.0 26.0 18.0 59.0 17.0 70.0 44.0 17.0 32.0 18.0 0.0 71.0 61.0 35.0 14.0 23.0 38.0 85.0 80.0 80.0 83.0 40.0 38.0 25.0 69.0 89.0 11.0 47.0 17.0 67.0 74.0 41.0 0.0 71.0 88.0 40.0 36.0 88.0 48.0 59.0 71.0 0.0 11.0 57.0 75.0 60.0 72.0 20.0 15.0 13.0 30.0 49.0 38.0 75.0 32.0 22.0 61.0 63.0 62.0 48.0 52.0 34.0 71.0 0.0 77.0 37.0 27.0 77.0 38.0 49.0 61.0 11.0 0.0 48.0 65.0 49.0 63.0 28.0 23.0 21.0 35.0 40.0 28.0 65.0 30.0 31.0 51.0 56.0 51.0 45.0 50.0 25.0 61.0 11.0 50.0 75.0 48.0 50.0 12.0 19.0 35.0 57.0 48.0 0.0 47.0 45.0 16.0 64.0 60.0 68.0 56.0 54.0 43.0 21.0 71.0 78.0 26.0 14.0 41.0 34.0 40.0 25.0 35.0 57.0 16.0 67.0 43.0 16.0 42.0 29.0 14.0 75.0 65.0 47.0 0.0 18.0 51.0 91.0 85.0 82.0 91.0 35.0 39.0 38.0 67.0 91.0 22.0 60.0 14.0 78.0 85.0 48.0 14.0 75.0 33.0 50.0 26.0 33.0 37.0 28.0 23.0 60.0 49.0 45.0 18.0 0.0 54.0 76.0 71.0 65.0 78.0 18.0 22.0 44.0 50.0 74.0 22.0 59.0 7.0 71.0 78.0 38.0 23.0 60.0 49.0 89.0 62.0 49.0 27.0 26.0 38.0 72.0 63.0 16.0 51.0 54.0 0.0 78.0 74.0 83.0 69.0 65.0 56.0 15.0 85.0 93.0 32.0 15.0 49.0 42.0 48.0 40.0 38.0 72.0 102.0 58.0 54.0 102.0 57.0 71.0 85.0 20.0 28.0 64.0 91.0 76.0 78.0 0.0 6.0 24.0 17.0 67.0 56.0 84.0 50.0 28.0 75.0 66.0 78.0 45.0 46.0 45.0 85.0 20.0 97.0 54.0 49.0 97.0 52.0 66.0 80.0 15.0 23.0 60.0 85.0 71.0 74.0 6.0 0.0 22.0 18.0 62.0 50.0 79.0 46.0 27.0 70.0 62.0 73.0 43.0 44.0 40.0 80.0 15.0 95.0 35.0 40.0 95.0 58.0 68.0 80.0 13.0 21.0 68.0 82.0 65.0 83.0 24.0 22.0 0.0 39.0 52.0 44.0 85.0 28.0 10.0 70.0 75.0 68.0 60.0 63.0 45.0 80.0 13.0 100.0 69.0 60.0 100.0 52.0 67.0 83.0 30.0 35.0 56.0 91.0 78.0 69.0 17.0 18.0 39.0 0.0 73.0 59.0 77.0 62.0 44.0 72.0 55.0 79.0 31.0 31.0 43.0 83.0 30.0 51.0 32.0 14.0 51.0 43.0 40.0 40.0 49.0 40.0 54.0 35.0 18.0 65.0 67.0 62.0 52.0 73.0 0.0 14.0 58.0 33.0 60.0 36.0 67.0 24.0 72.0 79.0 38.0 40.0 49.0 53.0 35.0 6.0 53.0 31.0 33.0 38.0 38.0 28.0 43.0 39.0 22.0 56.0 56.0 50.0 44.0 59.0 14.0 0.0 52.0 32.0 53.0 31.0 55.0 25.0 58.0 65.0 24.0 38.0 38.0 35.0 86.0 58.0 35.0 28.0 20.0 25.0 75.0 65.0 21.0 38.0 44.0 15.0 84.0 79.0 85.0 77.0 58.0 52.0 0.0 83.0 95.0 23.0 28.0 39.0 53.0 59.0 41.0 25.0 75.0 82.0 8.0 26.0 82.0 59.0 64.0 69.0 32.0 30.0 71.0 67.0 50.0 85.0 50.0 46.0 28.0 62.0 33.0 32.0 83.0 0.0 32.0 63.0 81.0 55.0 75.0 80.0 47.0 69.0 32.0 105.0 39.0 49.0 105.0 68.0 78.0 89.0 22.0 31.0 78.0 91.0 74.0 93.0 28.0 27.0 10.0 44.0 60.0 53.0 95.0 32.0 0.0 80.0 84.0 78.0 68.0 70.0 55.0 89.0 22.0 28.0 65.0 37.0 28.0 22.0 8.0 11.0 61.0 51.0 26.0 22.0 22.0 32.0 75.0 70.0 70.0 72.0 36.0 31.0 23.0 63.0 80.0 0.0 39.0 17.0 57.0 63.0 30.0 11.0 61.0 61.0 86.0 60.0 61.0 24.0 32.0 47.0 63.0 56.0 14.0 60.0 59.0 15.0 66.0 62.0 75.0 55.0 67.0 55.0 28.0 81.0 84.0 39.0 0.0 54.0 28.0 33.0 34.0 47.0 63.0 28.0 55.0 30.0 28.0 34.0 23.0 17.0 62.0 51.0 41.0 14.0 7.0 49.0 78.0 73.0 68.0 79.0 24.0 25.0 39.0 55.0 78.0 17.0 54.0 0.0 68.0 75.0 37.0 17.0 62.0 83.0 82.0 62.0 83.0 36.0 50.0 67.0 48.0 45.0 34.0 78.0 71.0 42.0 45.0 43.0 60.0 31.0 72.0 58.0 53.0 75.0 68.0 57.0 28.0 68.0 0.0 8.0 35.0 67.0 48.0 89.0 87.0 68.0 89.0 43.0 57.0 74.0 52.0 50.0 40.0 85.0 78.0 48.0 46.0 44.0 63.0 31.0 79.0 65.0 59.0 80.0 70.0 63.0 33.0 75.0 8.0 0.0 42.0 74.0 52.0 58.0 52.0 28.0 58.0 14.0 26.0 41.0 34.0 25.0 25.0 48.0 38.0 40.0 45.0 40.0 45.0 43.0 38.0 24.0 41.0 47.0 55.0 30.0 34.0 37.0 35.0 42.0 0.0 41.0 34.0 17.0 70.0 44.0 17.0 32.0 18.0 0.0 71.0 61.0 35.0 14.0 23.0 38.0 85.0 80.0 80.0 83.0 40.0 38.0 25.0 69.0 89.0 11.0 47.0 17.0 67.0 74.0 41.0 0.0 71.0 88.0 40.0 36.0 88.0 48.0 59.0 71.0 0.0 11.0 57.0 75.0 60.0 72.0 20.0 15.0 13.0 30.0 49.0 38.0 75.0 32.0 22.0 61.0 63.0 62.0 48.0 52.0 34.0 71.0 0.0 
9 10 10 9 
17 90 93 60 65 59 17 90 32 44 27 58 25 75 75 25 68 33 21 41 32 86 47 77 6 43 74 6 72 11 87 26 59 0 64 72 59 59 8 57 90 53 96 22 29 65 13 30 41 76 30 9 29 2 45 40 25 75 75 25 