6 20 2 4 3 241 125 482 250 5 21
11 17 0 0 24 25 0 0 12 13 0 0 0 0 14 22 0 0 24 14 0 0 25 17 
5 0 4 1 0 0 0 1 0 3 0 4 5 0 2 0 1 0 0 2 0 0 1 5 0 5 2 1 4 0 2 3 1 3 0 1 5 0 0 1 0 4 2 0 0 0 0 1 1 0 0 3 0 0 1 0 0 3 5 3 2 0 0 0 0 5 3 0 1 1 1 0 0 4 3 0 3 3 0 4 
1 0 0 0 0 0 0 1 0 0 0 0 0 0 1 1 1 0 0 0 0 0 1 0 1 1 1 1 0 0 
1 1 1 1 1 1 1 1 1 1 1 1 1 1 1 1 1 1 1 1 1 1 1 1 1 1 1 1 1 1 1 1 1 1 1 1 1 1 1 1 1 1 1 1 1 1 1 1 1 1 1 1 1 1 1 1 1 1 1 1 1 1 1 1 1 1 1 1 1 1 1 1 1 1 1 1 1 1 1 1 1 1 1 1 1 1 1 1 1 1 1 1 1 1 1 1 1 1 1 1 
1 5 0 0 5 5 3 4 0 0 0 0 0 0 2 4 0 0 1 2 0 0 5 5 4 4 0 0 1 5 0 0 3 4 0 0 0 0 2 3 0 0 0 0 1 2 1 3 0 0 3 4 2 4 3 4 5 5 0 0 5 5 1 5 5 5 1 4 0 0 1 5 5 5 0 0 0 0 3 5 0 0 3 5 4 5 0 0 0 0 0 0 0 0 4 5 5 5 0 0 0 0 2 2 0 0 0 0 4 5 0 0 0 0 5 5 1 3 4 5 1 2 0 0 0 0 0 0 0 0 1 4 1 5 0 0 3 4 3 4 4 5 0 0 0 0 5 5 5 5 0 0 5 5 1 5 0 0 3 4 
2 4 2 5 
0.0 36.0 22.0 34.0 72.0 63.0 62.0 10.0 21.0 29.0 22.0 61.0 40.0 79.0 30.0 60.0 22.0 39.0 10.0 66.0 17.0 58.0 65.0 35.0 57.0 35.0 25.0 39.0 62.0 10.0 36.0 0.0 37.0 64.0 38.0 62.0 58.0 37.0 25.0 22.0 50.0 32.0 73.0 69.0 16.0 52.0 14.0 18.0 34.0 71.0 35.0 80.0 87.0 62.0 79.0 12.0 60.0 3.0 58.0 37.0 22.0 37.0 0.0 53.0 74.0 82.0 80.0 12.0 37.0 42.0 16.0 68.0 57.0 96.0 24.0 77.0 26.0 48.0 31.0 86.0 6.0 80.0 86.0 56.0 78.0 42.0 34.0 40.0 80.0 12.0 34.0 64.0 53.0 0.0 95.0 58.0 59.0 41.0 41.0 48.0 45.0 79.0 12.0 78.0 63.0 63.0 52.0 59.0 31.0 54.0 49.0 30.0 35.0 8.0 27.0 58.0 27.0 66.0 59.0 41.0 72.0 38.0 74.0 95.0 0.0 69.0 63.0 74.0 55.0 48.0 87.0 19.0 105.0 64.0 51.0 54.0 51.0 36.0 67.0 80.0 72.0 102.0 109.0 90.0 102.0 38.0 96.0 35.0 63.0 74.0 63.0 62.0 82.0 58.0 69.0 0.0 6.0 73.0 47.0 43.0 85.0 50.0 68.0 21.0 74.0 15.0 61.0 46.0 54.0 12.0 77.0 45.0 50.0 50.0 47.0 51.0 77.0 62.0 6.0 73.0 62.0 58.0 80.0 59.0 63.0 6.0 0.0 71.0 44.0 40.0 83.0 45.0 70.0 19.0 70.0 9.0 58.0 41.0 52.0 18.0 75.0 50.0 55.0 52.0 51.0 47.0 77.0 58.0 0.0 71.0 10.0 37.0 12.0 41.0 74.0 73.0 71.0 0.0 29.0 36.0 14.0 65.0 46.0 88.0 27.0 69.0 24.0 44.0 20.0 76.0 8.0 68.0 74.0 44.0 66.0 39.0 25.0 40.0 71.0 0.0 21.0 25.0 37.0 41.0 55.0 47.0 44.0 29.0 0.0 8.0 42.0 41.0 51.0 60.0 30.0 41.0 17.0 19.0 14.0 52.0 32.0 56.0 63.0 38.0 55.0 18.0 44.0 26.0 44.0 29.0 29.0 22.0 42.0 48.0 48.0 43.0 40.0 36.0 8.0 0.0 49.0 33.0 58.0 54.0 31.0 35.0 19.0 12.0 22.0 50.0 38.0 60.0 66.0 44.0 59.0 12.0 52.0 23.0 40.0 36.0 22.0 50.0 16.0 45.0 87.0 85.0 83.0 14.0 42.0 49.0 0.0 78.0 46.0 101.0 38.0 82.0 37.0 57.0 32.0 87.0 16.0 74.0 79.0 49.0 71.0 52.0 21.0 53.0 83.0 14.0 61.0 32.0 68.0 79.0 19.0 50.0 45.0 65.0 41.0 33.0 78.0 0.0 90.0 48.0 47.0 36.0 42.0 23.0 54.0 61.0 64.0 85.0 91.0 74.0 85.0 27.0 84.0 29.0 45.0 65.0 40.0 73.0 57.0 12.0 105.0 68.0 70.0 46.0 51.0 58.0 46.0 90.0 0.0 89.0 70.0 74.0 60.0 69.0 40.0 64.0 53.0 35.0 38.0 19.0 32.0 68.0 25.0 75.0 70.0 46.0 79.0 69.0 96.0 78.0 64.0 21.0 19.0 88.0 60.0 54.0 101.0 48.0 89.0 0.0 83.0 20.0 72.0 52.0 70.0 30.0 91.0 66.0 70.0 71.0 67.0 59.0 96.0 68.0 19.0 88.0 30.0 16.0 24.0 63.0 51.0 74.0 70.0 27.0 30.0 31.0 38.0 47.0 70.0 83.0 0.0 65.0 13.0 31.0 33.0 80.0 23.0 84.0 90.0 62.0 82.0 25.0 52.0 18.0 70.0 27.0 60.0 52.0 77.0 63.0 54.0 15.0 9.0 69.0 41.0 35.0 82.0 36.0 74.0 20.0 65.0 0.0 54.0 35.0 51.0 27.0 72.0 56.0 62.0 56.0 57.0 41.0 78.0 51.0 9.0 69.0 22.0 14.0 26.0 52.0 51.0 61.0 58.0 24.0 17.0 19.0 37.0 42.0 60.0 72.0 13.0 54.0 0.0 22.0 21.0 68.0 22.0 71.0 78.0 51.0 70.0 17.0 46.0 17.0 58.0 24.0 39.0 18.0 48.0 59.0 36.0 46.0 41.0 44.0 19.0 12.0 57.0 23.0 69.0 52.0 31.0 35.0 22.0 0.0 32.0 55.0 44.0 69.0 76.0 55.0 69.0 7.0 62.0 17.0 41.0 44.0 10.0 34.0 31.0 31.0 67.0 54.0 52.0 20.0 14.0 22.0 32.0 54.0 40.0 70.0 33.0 51.0 21.0 32.0 0.0 57.0 25.0 52.0 58.0 30.0 50.0 30.0 30.0 36.0 52.0 20.0 66.0 71.0 86.0 54.0 80.0 12.0 18.0 76.0 52.0 50.0 87.0 61.0 64.0 30.0 80.0 27.0 68.0 55.0 57.0 0.0 81.0 37.0 41.0 47.0 39.0 60.0 77.0 71.0 18.0 76.0 17.0 35.0 6.0 49.0 72.0 77.0 75.0 8.0 32.0 38.0 16.0 64.0 53.0 91.0 23.0 72.0 22.0 44.0 25.0 81.0 0.0 75.0 81.0 51.0 72.0 38.0 32.0 38.0 75.0 8.0 58.0 80.0 80.0 30.0 102.0 45.0 50.0 68.0 56.0 60.0 74.0 85.0 35.0 66.0 84.0 56.0 71.0 69.0 52.0 37.0 75.0 0.0 7.0 25.0 3.0 71.0 56.0 81.0 50.0 68.0 65.0 87.0 86.0 35.0 109.0 50.0 55.0 74.0 63.0 66.0 79.0 91.0 38.0 70.0 90.0 62.0 78.0 76.0 58.0 41.0 81.0 7.0 0.0 31.0 9.0 78.0 61.0 88.0 55.0 74.0 35.0 62.0 56.0 8.0 90.0 50.0 52.0 44.0 38.0 44.0 49.0 74.0 19.0 71.0 62.0 56.0 51.0 55.0 30.0 47.0 51.0 25.0 31.0 0.0 23.0 55.0 33.0 64.0 52.0 44.0 57.0 79.0 78.0 27.0 102.0 47.0 51.0 66.0 55.0 59.0 71.0 85.0 32.0 67.0 82.0 57.0 70.0 69.0 50.0 39.0 72.0 3.0 9.0 23.0 0.0 70.0 54.0 81.0 51.0 66.0 35.0 12.0 42.0 58.0 38.0 51.0 47.0 39.0 18.0 12.0 52.0 27.0 68.0 59.0 25.0 41.0 17.0 7.0 30.0 60.0 38.0 71.0 78.0 55.0 70.0 0.0 59.0 12.0 47.0 39.0 25.0 60.0 34.0 27.0 96.0 77.0 77.0 25.0 44.0 52.0 21.0 84.0 25.0 96.0 52.0 78.0 46.0 62.0 30.0 77.0 32.0 56.0 61.0 33.0 54.0 59.0 0.0 63.0 77.0 25.0 39.0 3.0 40.0 66.0 35.0 62.0 58.0 40.0 26.0 23.0 53.0 29.0 75.0 68.0 18.0 51.0 17.0 17.0 36.0 71.0 38.0 81.0 88.0 64.0 81.0 12.0 63.0 0.0 58.0 40.0 62.0 58.0 80.0 59.0 63.0 6.0 0.0 71.0 44.0 40.0 83.0 45.0 70.0 19.0 70.0 9.0 58.0 41.0 52.0 18.0 75.0 50.0 55.0 52.0 51.0 47.0 77.0 58.0 0.0 71.0 10.0 37.0 12.0 41.0 74.0 73.0 71.0 0.0 29.0 36.0 14.0 65.0 46.0 88.0 27.0 69.0 24.0 44.0 20.0 76.0 8.0 68.0 74.0 44.0 66.0 39.0 25.0 40.0 71.0 0.0 
2 12 12 11 
71 34 39 19 75 13 83 65 2 17 28 80 25 75 75 25 51 40 43 40 88 21 11 33 94 66 7 80 52 11 21 67 52 24 33 35 64 41 35 89 73 18 71 92 74 98 76 68 73 90 37 30 94 41 36 19 25 75 75 25 