6 20 2 4 3 370 125 740 250 5 21
26 27 0 0 26 18 0 0 14 16 0 0 0 0 17 31 0 0 18 21 0 0 20 28 
3 4 5 0 1 4 0 2 5 1 1 1 0 5 0 1 3 0 4 0 0 3 0 0 2 0 0 2 4 0 0 3 3 3 1 0 3 0 0 0 0 5 3 5 0 2 0 0 0 0 0 2 4 0 3 2 3 4 3 0 0 0 3 0 0 4 0 5 1 3 0 5 4 2 5 3 0 3 4 0 
1 1 0 1 0 1 1 1 0 1 0 1 0 1 0 1 0 0 0 0 1 0 0 0 1 0 0 0 0 0 
1 1 1 1 1 1 1 1 1 1 1 1 1 1 1 1 1 1 1 1 1 1 1 1 1 1 1 1 1 1 1 1 1 1 1 1 1 1 1 1 1 1 1 1 1 1 1 1 1 1 1 1 1 1 1 1 1 1 1 1 1 1 1 1 1 1 1 1 1 1 1 1 1 1 1 1 1 1 1 1 1 1 1 1 1 1 1 1 1 1 1 1 1 1 1 1 1 1 1 1 
1 3 3 5 3 5 0 0 4 5 1 4 0 0 5 5 3 4 3 3 5 5 4 5 0 0 1 3 0 0 1 2 2 3 0 0 5 5 0 0 0 0 1 1 0 0 0 0 4 5 0 0 0 0 1 2 3 4 0 0 0 0 3 4 4 5 5 5 1 1 0 0 4 5 0 0 0 0 0 0 0 0 2 3 5 5 2 2 0 0 2 5 0 0 0 0 0 0 0 0 0 0 4 5 5 5 0 0 3 5 5 5 2 5 4 5 3 3 0 0 0 0 0 0 2 4 0 0 0 0 1 5 0 0 3 4 3 4 4 5 0 0 5 5 3 5 4 4 5 5 5 5 0 0 2 2 2 4 0 0 
4 2 4 2 
0.0 28.0 6.0 20.0 54.0 59.0 15.0 68.0 66.0 2.0 60.0 62.0 67.0 17.0 86.0 56.0 62.0 67.0 80.0 21.0 64.0 72.0 50.0 73.0 74.0 18.0 47.0 58.0 15.0 68.0 28.0 0.0 23.0 18.0 73.0 84.0 26.0 95.0 94.0 28.0 87.0 84.0 76.0 23.0 111.0 77.0 79.0 94.0 96.0 12.0 90.0 96.0 77.0 101.0 101.0 11.0 65.0 85.0 26.0 95.0 6.0 23.0 0.0 15.0 56.0 63.0 15.0 73.0 72.0 7.0 65.0 65.0 69.0 13.0 92.0 59.0 64.0 72.0 84.0 17.0 68.0 77.0 56.0 79.0 80.0 13.0 49.0 63.0 15.0 73.0 20.0 18.0 15.0 0.0 55.0 67.0 28.0 85.0 82.0 21.0 72.0 67.0 82.0 5.0 105.0 59.0 61.0 84.0 98.0 21.0 75.0 91.0 68.0 89.0 91.0 15.0 47.0 70.0 28.0 85.0 54.0 73.0 56.0 55.0 0.0 22.0 68.0 69.0 59.0 55.0 37.0 15.0 112.0 51.0 96.0 8.0 11.0 67.0 115.0 72.0 39.0 88.0 61.0 65.0 70.0 67.0 9.0 38.0 68.0 69.0 59.0 84.0 63.0 67.0 22.0 0.0 72.0 51.0 39.0 60.0 16.0 10.0 106.0 62.0 78.0 15.0 30.0 49.0 104.0 80.0 18.0 72.0 48.0 44.0 50.0 75.0 29.0 18.0 72.0 51.0 15.0 26.0 15.0 28.0 68.0 72.0 0.0 71.0 72.0 13.0 70.0 75.0 55.0 27.0 85.0 69.0 77.0 71.0 71.0 16.0 74.0 70.0 53.0 79.0 78.0 17.0 61.0 68.0 0.0 71.0 68.0 95.0 73.0 85.0 69.0 51.0 71.0 0.0 13.0 67.0 36.0 61.0 76.0 81.0 27.0 63.0 79.0 3.0 63.0 86.0 36.0 24.0 19.0 14.0 9.0 84.0 72.0 34.0 71.0 0.0 66.0 94.0 72.0 82.0 59.0 39.0 72.0 13.0 0.0 66.0 24.0 49.0 85.0 77.0 39.0 52.0 68.0 11.0 74.0 86.0 23.0 37.0 23.0 8.0 12.0 83.0 63.0 22.0 72.0 13.0 2.0 28.0 7.0 21.0 55.0 60.0 13.0 67.0 66.0 0.0 61.0 62.0 65.0 18.0 85.0 57.0 64.0 66.0 78.0 21.0 64.0 71.0 49.0 73.0 74.0 18.0 48.0 58.0 13.0 67.0 60.0 87.0 65.0 72.0 37.0 16.0 70.0 36.0 24.0 61.0 0.0 25.0 97.0 67.0 63.0 30.0 45.0 34.0 92.0 81.0 4.0 58.0 35.0 29.0 35.0 77.0 42.0 4.0 70.0 36.0 62.0 84.0 65.0 67.0 15.0 10.0 75.0 61.0 49.0 62.0 25.0 0.0 113.0 62.0 87.0 8.0 21.0 58.0 112.0 81.0 27.0 81.0 56.0 54.0 60.0 76.0 24.0 27.0 75.0 61.0 67.0 76.0 69.0 82.0 112.0 106.0 55.0 76.0 85.0 65.0 97.0 113.0 0.0 81.0 71.0 110.0 122.0 76.0 28.0 65.0 99.0 58.0 63.0 89.0 84.0 69.0 108.0 94.0 55.0 76.0 17.0 23.0 13.0 5.0 51.0 62.0 27.0 81.0 77.0 18.0 67.0 62.0 81.0 0.0 101.0 55.0 58.0 79.0 96.0 23.0 70.0 87.0 63.0 85.0 86.0 18.0 43.0 65.0 27.0 81.0 86.0 111.0 92.0 105.0 96.0 78.0 85.0 27.0 39.0 85.0 63.0 87.0 71.0 101.0 0.0 90.0 105.0 30.0 50.0 101.0 62.0 16.0 39.0 37.0 30.0 100.0 98.0 61.0 85.0 27.0 56.0 77.0 59.0 59.0 8.0 15.0 69.0 63.0 52.0 57.0 30.0 8.0 110.0 55.0 90.0 0.0 16.0 61.0 112.0 75.0 32.0 83.0 57.0 58.0 63.0 70.0 16.0 31.0 69.0 63.0 62.0 79.0 64.0 61.0 11.0 30.0 77.0 79.0 68.0 64.0 45.0 21.0 122.0 58.0 105.0 16.0 0.0 76.0 125.0 79.0 47.0 98.0 72.0 73.0 79.0 74.0 16.0 46.0 77.0 79.0 67.0 94.0 72.0 84.0 67.0 49.0 71.0 3.0 11.0 66.0 34.0 58.0 76.0 79.0 30.0 61.0 76.0 0.0 64.0 85.0 34.0 26.0 18.0 13.0 9.0 83.0 70.0 31.0 71.0 3.0 80.0 96.0 84.0 98.0 115.0 104.0 71.0 63.0 74.0 78.0 92.0 112.0 28.0 96.0 50.0 112.0 125.0 64.0 0.0 85.0 93.0 40.0 57.0 76.0 70.0 87.0 113.0 89.0 71.0 63.0 21.0 12.0 17.0 21.0 72.0 80.0 16.0 86.0 86.0 21.0 81.0 81.0 65.0 23.0 101.0 75.0 79.0 85.0 85.0 0.0 84.0 85.0 67.0 93.0 92.0 6.0 64.0 78.0 16.0 86.0 64.0 90.0 68.0 75.0 39.0 18.0 74.0 36.0 23.0 64.0 4.0 27.0 99.0 70.0 62.0 32.0 47.0 34.0 93.0 84.0 0.0 58.0 37.0 27.0 34.0 81.0 44.0 7.0 74.0 36.0 72.0 96.0 77.0 91.0 88.0 72.0 70.0 24.0 37.0 71.0 58.0 81.0 58.0 87.0 16.0 83.0 98.0 26.0 40.0 85.0 58.0 0.0 27.0 37.0 31.0 85.0 89.0 55.0 70.0 24.0 50.0 77.0 56.0 68.0 61.0 48.0 53.0 19.0 23.0 49.0 35.0 56.0 63.0 63.0 39.0 57.0 72.0 18.0 57.0 67.0 37.0 27.0 0.0 28.0 26.0 66.0 62.0 32.0 53.0 19.0 73.0 101.0 79.0 89.0 65.0 44.0 79.0 14.0 8.0 73.0 29.0 54.0 89.0 85.0 37.0 58.0 73.0 13.0 76.0 93.0 27.0 37.0 28.0 0.0 8.0 90.0 69.0 28.0 79.0 14.0 74.0 101.0 80.0 91.0 70.0 50.0 78.0 9.0 12.0 74.0 35.0 60.0 84.0 86.0 30.0 63.0 79.0 9.0 70.0 92.0 34.0 31.0 26.0 8.0 0.0 91.0 74.0 33.0 78.0 9.0 18.0 11.0 13.0 15.0 67.0 75.0 17.0 84.0 83.0 18.0 77.0 76.0 69.0 18.0 100.0 70.0 74.0 83.0 87.0 6.0 81.0 85.0 66.0 90.0 91.0 0.0 59.0 75.0 17.0 84.0 47.0 65.0 49.0 47.0 9.0 29.0 61.0 72.0 63.0 48.0 42.0 24.0 108.0 43.0 98.0 16.0 16.0 70.0 113.0 64.0 44.0 89.0 62.0 69.0 74.0 59.0 0.0 42.0 61.0 72.0 58.0 85.0 63.0 70.0 38.0 18.0 68.0 34.0 22.0 58.0 4.0 27.0 94.0 65.0 61.0 31.0 46.0 31.0 89.0 78.0 7.0 55.0 32.0 28.0 33.0 75.0 42.0 0.0 68.0 34.0 15.0 26.0 15.0 28.0 68.0 72.0 0.0 71.0 72.0 13.0 70.0 75.0 55.0 27.0 85.0 69.0 77.0 71.0 71.0 16.0 74.0 70.0 53.0 79.0 78.0 17.0 61.0 68.0 0.0 71.0 68.0 95.0 73.0 85.0 69.0 51.0 71.0 0.0 13.0 67.0 36.0 61.0 76.0 81.0 27.0 63.0 79.0 3.0 63.0 86.0 36.0 24.0 19.0 14.0 9.0 84.0 72.0 34.0 71.0 0.0 
13 9 13 12 
19 62 0 82 14 65 0 64 8 10 29 4 25 75 75 25 66 16 20 63 44 8 20 1 73 100 3 60 100 35 15 7 0 3 73 24 95 84 11 81 46 5 88 45 62 38 72 12 77 17 9 76 4 18 45 11 25 75 75 25 