6 20 2 4 3 114 125 228 250 5 21
23 15 0 0 21 9 0 0 9 10 0 0 0 0 26 20 0 0 19 12 0 0 13 14 
0 5 0 0 1 0 0 1 5 4 5 0 0 1 0 1 0 0 4 2 2 0 0 0 2 0 4 5 0 3 0 1 0 1 0 0 0 0 2 2 3 0 0 5 2 0 0 1 3 2 2 0 0 0 0 2 3 1 1 0 3 0 2 0 1 0 0 2 0 0 4 0 0 0 2 1 2 0 4 0 
1 1 1 1 0 1 1 0 1 1 1 1 1 0 0 1 1 0 0 1 1 0 0 1 1 0 0 1 0 1 
1 1 1 1 1 1 1 1 1 1 1 1 1 1 1 1 1 1 1 1 1 1 1 1 1 1 1 1 1 1 1 1 1 1 1 1 1 1 1 1 1 1 1 1 1 1 1 1 1 1 1 1 1 1 1 1 1 1 1 1 1 1 1 1 1 1 1 1 1 1 1 1 1 1 1 1 1 1 1 1 1 1 1 1 1 1 1 1 1 1 1 1 1 1 1 1 1 1 1 1 
0 0 1 5 0 0 0 0 2 2 0 0 0 0 1 4 2 3 4 5 1 5 0 0 0 0 5 5 0 0 4 5 0 0 0 0 5 5 4 5 5 5 0 0 0 0 0 0 2 5 0 0 2 2 2 3 0 0 5 5 0 0 4 5 0 0 4 5 0 0 0 0 0 0 0 0 1 3 3 5 5 5 0 0 0 0 3 4 5 5 0 0 0 0 3 5 5 5 5 5 5 5 0 0 0 0 0 0 0 0 5 5 2 4 3 4 3 5 0 0 1 5 0 0 2 5 0 0 1 2 0 0 0 0 3 4 0 0 0 0 1 1 0 0 0 0 0 0 2 5 2 5 4 5 0 0 1 1 0 0 
1 2 3 2 
0.0 64.0 83.0 58.0 38.0 58.0 52.0 75.0 92.0 81.0 105.0 28.0 82.0 85.0 12.0 23.0 98.0 65.0 63.0 21.0 86.0 14.0 61.0 50.0 111.0 70.0 76.0 72.0 52.0 75.0 64.0 0.0 60.0 12.0 71.0 83.0 79.0 27.0 83.0 72.0 98.0 59.0 63.0 32.0 52.0 42.0 54.0 25.0 63.0 75.0 45.0 50.0 70.0 14.0 88.0 37.0 25.0 11.0 79.0 27.0 83.0 60.0 0.0 51.0 59.0 54.0 54.0 37.0 25.0 18.0 39.0 97.0 5.0 40.0 77.0 73.0 29.0 36.0 27.0 78.0 24.0 74.0 36.0 59.0 30.0 24.0 41.0 56.0 54.0 37.0 58.0 12.0 51.0 0.0 61.0 72.0 68.0 21.0 72.0 61.0 87.0 58.0 53.0 29.0 47.0 38.0 49.0 16.0 52.0 67.0 38.0 44.0 59.0 11.0 79.0 28.0 20.0 15.0 68.0 21.0 38.0 71.0 59.0 61.0 0.0 20.0 15.0 68.0 59.0 50.0 71.0 64.0 56.0 78.0 40.0 46.0 82.0 58.0 33.0 24.0 71.0 39.0 26.0 59.0 81.0 56.0 71.0 76.0 15.0 68.0 58.0 83.0 54.0 72.0 20.0 0.0 6.0 73.0 47.0 41.0 56.0 84.0 50.0 83.0 60.0 64.0 82.0 65.0 28.0 42.0 72.0 58.0 18.0 72.0 71.0 60.0 77.0 86.0 6.0 73.0 52.0 79.0 54.0 68.0 15.0 6.0 0.0 71.0 50.0 42.0 60.0 78.0 51.0 81.0 54.0 59.0 81.0 62.0 28.0 37.0 71.0 53.0 19.0 68.0 73.0 58.0 75.0 82.0 0.0 71.0 75.0 27.0 37.0 21.0 68.0 73.0 71.0 0.0 61.0 51.0 75.0 78.0 41.0 11.0 65.0 56.0 29.0 11.0 48.0 79.0 18.0 62.0 57.0 32.0 63.0 15.0 5.0 20.0 71.0 0.0 92.0 83.0 25.0 72.0 59.0 47.0 50.0 61.0 0.0 12.0 16.0 111.0 21.0 65.0 88.0 87.0 51.0 58.0 30.0 82.0 48.0 85.0 33.0 79.0 25.0 47.0 65.0 80.0 50.0 61.0 81.0 72.0 18.0 61.0 50.0 41.0 42.0 51.0 12.0 0.0 27.0 100.0 13.0 56.0 77.0 75.0 47.0 48.0 19.0 72.0 41.0 74.0 25.0 68.0 32.0 37.0 55.0 70.0 42.0 51.0 105.0 98.0 39.0 87.0 71.0 56.0 60.0 75.0 16.0 27.0 0.0 126.0 35.0 78.0 102.0 102.0 62.0 73.0 44.0 94.0 61.0 100.0 45.0 94.0 25.0 61.0 79.0 94.0 60.0 75.0 28.0 59.0 97.0 58.0 64.0 84.0 78.0 78.0 111.0 100.0 126.0 0.0 98.0 87.0 25.0 25.0 105.0 70.0 83.0 49.0 94.0 27.0 83.0 48.0 127.0 79.0 78.0 69.0 78.0 78.0 82.0 63.0 5.0 53.0 56.0 50.0 51.0 41.0 21.0 13.0 35.0 98.0 0.0 45.0 76.0 73.0 34.0 39.0 24.0 76.0 29.0 73.0 32.0 61.0 30.0 27.0 45.0 60.0 51.0 41.0 85.0 32.0 40.0 29.0 78.0 83.0 81.0 11.0 65.0 56.0 78.0 87.0 45.0 0.0 75.0 66.0 24.0 21.0 56.0 90.0 18.0 72.0 66.0 40.0 63.0 23.0 10.0 23.0 81.0 11.0 12.0 52.0 77.0 47.0 40.0 60.0 54.0 65.0 88.0 77.0 102.0 25.0 76.0 75.0 0.0 11.0 89.0 55.0 59.0 29.0 77.0 4.0 59.0 38.0 105.0 62.0 66.0 61.0 54.0 65.0 23.0 42.0 73.0 38.0 46.0 64.0 59.0 56.0 87.0 75.0 102.0 25.0 73.0 66.0 11.0 0.0 82.0 47.0 58.0 38.0 70.0 10.0 60.0 28.0 102.0 55.0 57.0 51.0 59.0 56.0 98.0 54.0 29.0 49.0 82.0 82.0 81.0 29.0 51.0 47.0 62.0 105.0 34.0 24.0 89.0 82.0 0.0 36.0 54.0 99.0 13.0 86.0 64.0 60.0 43.0 29.0 30.0 46.0 81.0 29.0 65.0 25.0 36.0 16.0 58.0 65.0 62.0 11.0 58.0 48.0 73.0 70.0 39.0 21.0 55.0 47.0 36.0 0.0 41.0 69.0 24.0 52.0 50.0 25.0 64.0 13.0 14.0 23.0 62.0 11.0 63.0 63.0 27.0 52.0 33.0 28.0 28.0 48.0 30.0 19.0 44.0 83.0 24.0 56.0 59.0 58.0 54.0 41.0 0.0 54.0 45.0 56.0 10.0 56.0 50.0 34.0 52.0 63.0 28.0 48.0 21.0 75.0 78.0 67.0 24.0 42.0 37.0 79.0 82.0 72.0 94.0 49.0 76.0 90.0 29.0 38.0 99.0 69.0 54.0 0.0 87.0 29.0 49.0 61.0 103.0 71.0 81.0 82.0 37.0 79.0 86.0 45.0 24.0 38.0 71.0 72.0 71.0 18.0 48.0 41.0 61.0 94.0 29.0 18.0 77.0 70.0 13.0 24.0 45.0 87.0 0.0 74.0 55.0 49.0 46.0 16.0 21.0 38.0 71.0 18.0 14.0 50.0 74.0 44.0 39.0 58.0 53.0 62.0 85.0 74.0 100.0 27.0 73.0 72.0 4.0 10.0 86.0 52.0 56.0 29.0 74.0 0.0 57.0 36.0 102.0 58.0 63.0 58.0 53.0 62.0 61.0 70.0 36.0 59.0 26.0 18.0 19.0 57.0 33.0 25.0 45.0 83.0 32.0 66.0 59.0 60.0 64.0 50.0 10.0 49.0 55.0 57.0 0.0 62.0 56.0 43.0 61.0 71.0 19.0 57.0 50.0 14.0 59.0 11.0 59.0 72.0 68.0 32.0 79.0 68.0 94.0 48.0 61.0 40.0 38.0 28.0 60.0 25.0 56.0 61.0 49.0 36.0 62.0 0.0 88.0 37.0 31.0 23.0 68.0 32.0 111.0 88.0 30.0 79.0 81.0 71.0 73.0 63.0 25.0 32.0 25.0 127.0 30.0 63.0 105.0 102.0 43.0 64.0 50.0 103.0 46.0 102.0 56.0 88.0 0.0 52.0 66.0 82.0 73.0 63.0 70.0 37.0 24.0 28.0 56.0 60.0 58.0 15.0 47.0 37.0 61.0 79.0 27.0 23.0 62.0 55.0 29.0 13.0 34.0 71.0 16.0 58.0 43.0 37.0 52.0 0.0 19.0 34.0 58.0 15.0 76.0 25.0 41.0 20.0 71.0 77.0 75.0 5.0 65.0 55.0 79.0 78.0 45.0 10.0 66.0 57.0 30.0 14.0 52.0 81.0 21.0 63.0 61.0 31.0 66.0 19.0 0.0 17.0 75.0 5.0 72.0 11.0 56.0 15.0 76.0 86.0 82.0 20.0 80.0 70.0 94.0 69.0 60.0 23.0 61.0 51.0 46.0 23.0 63.0 82.0 38.0 58.0 71.0 23.0 82.0 34.0 17.0 0.0 82.0 20.0 52.0 79.0 54.0 68.0 15.0 6.0 0.0 71.0 50.0 42.0 60.0 78.0 51.0 81.0 54.0 59.0 81.0 62.0 28.0 37.0 71.0 53.0 19.0 68.0 73.0 58.0 75.0 82.0 0.0 71.0 75.0 27.0 37.0 21.0 68.0 73.0 71.0 0.0 61.0 51.0 75.0 78.0 41.0 11.0 65.0 56.0 29.0 11.0 48.0 79.0 18.0 62.0 57.0 32.0 63.0 15.0 5.0 20.0 71.0 0.0 
7 12 3 1 
1 29 59 4 77 61 57 15 19 62 27 80 25 75 75 25 73 85 67 75 79 99 1 1 74 65 85 22 11 23 20 17 98 41 65 28 51 66 0 49 86 39 14 24 43 72 47 11 97 83 70 39 76 21 69 6 25 75 75 25 