6 20 2 4 3 160 125 320 250 5 21
13 15 0 0 16 26 0 0 28 31 0 0 0 0 14 8 0 0 14 13 0 0 16 14 
3 0 0 0 0 4 5 0 0 0 0 1 5 0 1 0 4 1 0 0 0 3 4 3 4 0 0 0 0 4 1 0 0 0 0 4 1 0 0 0 1 1 0 5 5 0 5 0 2 0 0 0 3 0 1 4 1 0 0 0 0 3 4 0 0 5 0 1 0 5 3 0 0 5 0 0 0 5 5 0 
0 0 0 0 1 1 0 1 0 1 1 0 1 1 1 0 1 1 1 1 1 0 1 0 0 1 0 1 0 0 
1 1 1 1 1 1 1 1 1 1 1 1 1 1 1 1 1 1 1 1 1 1 1 1 1 1 1 1 1 1 1 1 1 1 1 1 1 1 1 1 1 1 1 1 1 1 1 1 1 1 1 1 1 1 1 1 1 1 1 1 1 1 1 1 1 1 1 1 1 1 1 1 1 1 1 1 1 1 1 1 1 1 1 1 1 1 1 1 1 1 1 1 1 1 1 1 1 1 1 1 
2 3 0 0 0 0 0 0 0 0 1 4 3 4 0 0 0 0 0 0 0 0 5 5 1 3 0 0 5 5 0 0 3 4 4 5 0 0 0 0 0 0 5 5 5 5 2 4 5 5 0 0 0 0 0 0 0 0 1 3 2 4 0 0 0 0 0 0 0 0 3 5 5 5 0 0 0 0 0 0 1 2 1 4 0 0 3 4 1 3 0 0 4 4 0 0 4 5 0 0 0 0 0 0 5 5 0 0 1 1 1 2 4 5 0 0 0 0 0 0 0 0 2 4 2 2 0 0 0 0 2 4 0 0 4 5 0 0 3 5 3 4 0 0 0 0 1 5 0 0 0 0 0 0 5 5 5 5 0 0 
4 1 5 2 
0.0 45.0 20.0 94.0 16.0 70.0 28.0 74.0 44.0 95.0 91.0 69.0 68.0 19.0 54.0 45.0 93.0 77.0 45.0 82.0 38.0 38.0 57.0 23.0 57.0 45.0 47.0 60.0 28.0 74.0 45.0 0.0 54.0 53.0 43.0 43.0 40.0 32.0 38.0 52.0 48.0 33.0 37.0 43.0 20.0 56.0 53.0 39.0 7.0 42.0 47.0 42.0 51.0 44.0 22.0 44.0 27.0 35.0 40.0 32.0 20.0 54.0 0.0 96.0 35.0 86.0 21.0 85.0 63.0 105.0 101.0 71.0 67.0 13.0 57.0 31.0 95.0 90.0 57.0 85.0 26.0 57.0 76.0 14.0 71.0 64.0 46.0 58.0 21.0 85.0 94.0 53.0 96.0 0.0 95.0 76.0 77.0 44.0 87.0 44.0 41.0 26.0 32.0 84.0 40.0 81.0 3.0 59.0 56.0 13.0 76.0 93.0 97.0 84.0 60.0 93.0 51.0 41.0 77.0 44.0 16.0 43.0 35.0 95.0 0.0 59.0 40.0 69.0 31.0 89.0 85.0 72.0 73.0 33.0 57.0 59.0 95.0 69.0 42.0 83.0 51.0 24.0 43.0 37.0 49.0 30.0 53.0 66.0 40.0 69.0 70.0 43.0 86.0 76.0 59.0 0.0 79.0 32.0 30.0 45.0 43.0 67.0 75.0 77.0 60.0 96.0 77.0 20.0 37.0 68.0 87.0 39.0 29.0 81.0 22.0 34.0 70.0 75.0 79.0 32.0 28.0 40.0 21.0 77.0 40.0 79.0 0.0 71.0 61.0 90.0 86.0 51.0 47.0 10.0 38.0 20.0 75.0 79.0 45.0 65.0 11.0 58.0 75.0 8.0 60.0 64.0 26.0 38.0 0.0 71.0 74.0 32.0 85.0 44.0 69.0 32.0 71.0 0.0 50.0 21.0 17.0 40.0 50.0 74.0 39.0 85.0 45.0 15.0 30.0 38.0 77.0 58.0 56.0 76.0 22.0 56.0 53.0 53.0 71.0 0.0 44.0 38.0 63.0 87.0 31.0 30.0 61.0 50.0 0.0 68.0 65.0 70.0 74.0 56.0 57.0 79.0 87.0 44.0 32.0 76.0 71.0 10.0 16.0 60.0 29.0 7.0 61.0 71.0 61.0 50.0 95.0 52.0 105.0 44.0 89.0 45.0 90.0 21.0 68.0 0.0 5.0 51.0 61.0 93.0 55.0 102.0 46.0 25.0 50.0 43.0 95.0 76.0 72.0 95.0 41.0 74.0 69.0 67.0 90.0 21.0 91.0 48.0 101.0 41.0 85.0 43.0 86.0 17.0 65.0 5.0 0.0 47.0 57.0 89.0 51.0 98.0 43.0 24.0 46.0 40.0 90.0 74.0 70.0 91.0 38.0 71.0 65.0 63.0 86.0 17.0 69.0 33.0 71.0 26.0 72.0 67.0 51.0 40.0 70.0 51.0 47.0 0.0 10.0 59.0 16.0 57.0 25.0 55.0 38.0 14.0 52.0 74.0 83.0 58.0 47.0 76.0 26.0 18.0 51.0 40.0 68.0 37.0 67.0 32.0 73.0 75.0 47.0 50.0 74.0 61.0 57.0 10.0 0.0 55.0 18.0 49.0 31.0 64.0 43.0 23.0 45.0 78.0 88.0 53.0 54.0 80.0 22.0 10.0 47.0 50.0 19.0 43.0 13.0 84.0 33.0 77.0 10.0 74.0 56.0 93.0 89.0 59.0 55.0 0.0 44.0 26.0 83.0 80.0 46.0 72.0 19.0 53.0 71.0 5.0 60.0 59.0 34.0 46.0 10.0 74.0 54.0 20.0 57.0 40.0 57.0 60.0 38.0 39.0 57.0 55.0 51.0 16.0 18.0 44.0 0.0 47.0 40.0 51.0 26.0 29.0 40.0 61.0 71.0 44.0 39.0 63.0 15.0 16.0 38.0 39.0 45.0 56.0 31.0 81.0 59.0 96.0 20.0 85.0 79.0 102.0 98.0 57.0 49.0 26.0 47.0 0.0 79.0 94.0 61.0 70.0 10.0 77.0 95.0 22.0 76.0 83.0 33.0 40.0 20.0 85.0 93.0 53.0 95.0 3.0 95.0 77.0 75.0 45.0 87.0 46.0 43.0 25.0 31.0 83.0 40.0 79.0 0.0 60.0 56.0 12.0 75.0 93.0 98.0 82.0 61.0 94.0 50.0 40.0 75.0 45.0 77.0 39.0 90.0 59.0 69.0 20.0 79.0 15.0 44.0 25.0 24.0 55.0 64.0 80.0 51.0 94.0 60.0 0.0 35.0 53.0 86.0 53.0 47.0 82.0 20.0 50.0 64.0 66.0 79.0 15.0 45.0 7.0 57.0 56.0 42.0 37.0 45.0 30.0 32.0 50.0 46.0 38.0 43.0 46.0 26.0 61.0 56.0 35.0 0.0 45.0 52.0 37.0 45.0 48.0 16.0 39.0 34.0 41.0 45.0 30.0 82.0 42.0 85.0 13.0 83.0 68.0 65.0 38.0 76.0 43.0 40.0 14.0 23.0 72.0 29.0 70.0 12.0 53.0 45.0 0.0 65.0 82.0 87.0 72.0 51.0 83.0 40.0 31.0 65.0 38.0 38.0 47.0 26.0 76.0 51.0 87.0 11.0 77.0 71.0 95.0 90.0 52.0 45.0 19.0 40.0 10.0 75.0 86.0 52.0 65.0 0.0 68.0 86.0 15.0 68.0 74.0 27.0 36.0 11.0 77.0 38.0 42.0 57.0 93.0 24.0 39.0 58.0 58.0 10.0 76.0 74.0 74.0 78.0 53.0 61.0 77.0 93.0 53.0 37.0 82.0 68.0 0.0 20.0 56.0 37.0 7.0 62.0 73.0 58.0 58.0 57.0 51.0 76.0 97.0 43.0 29.0 75.0 56.0 16.0 72.0 70.0 83.0 88.0 71.0 71.0 95.0 98.0 47.0 45.0 87.0 86.0 20.0 0.0 75.0 38.0 13.0 76.0 85.0 75.0 56.0 23.0 44.0 14.0 84.0 37.0 81.0 8.0 76.0 60.0 95.0 91.0 58.0 53.0 5.0 44.0 22.0 82.0 82.0 48.0 72.0 15.0 56.0 75.0 0.0 63.0 63.0 33.0 45.0 8.0 76.0 57.0 22.0 71.0 60.0 49.0 22.0 60.0 22.0 29.0 41.0 38.0 47.0 54.0 60.0 39.0 76.0 61.0 20.0 16.0 51.0 68.0 37.0 38.0 63.0 0.0 35.0 49.0 54.0 60.0 22.0 45.0 44.0 64.0 93.0 30.0 34.0 64.0 56.0 7.0 74.0 71.0 76.0 80.0 59.0 63.0 83.0 94.0 50.0 39.0 83.0 74.0 7.0 13.0 63.0 35.0 0.0 66.0 77.0 64.0 56.0 47.0 27.0 46.0 51.0 53.0 70.0 26.0 53.0 61.0 69.0 65.0 26.0 22.0 34.0 15.0 33.0 50.0 64.0 34.0 40.0 27.0 62.0 76.0 33.0 49.0 66.0 0.0 13.0 26.0 53.0 60.0 35.0 58.0 41.0 66.0 75.0 38.0 53.0 71.0 67.0 63.0 18.0 10.0 46.0 16.0 40.0 40.0 66.0 41.0 31.0 36.0 73.0 85.0 45.0 54.0 77.0 13.0 0.0 38.0 53.0 28.0 40.0 21.0 77.0 40.0 79.0 0.0 71.0 61.0 90.0 86.0 51.0 47.0 10.0 38.0 20.0 75.0 79.0 45.0 65.0 11.0 58.0 75.0 8.0 60.0 64.0 26.0 38.0 0.0 71.0 74.0 32.0 85.0 44.0 69.0 32.0 71.0 0.0 50.0 21.0 17.0 40.0 50.0 74.0 39.0 85.0 45.0 15.0 30.0 38.0 77.0 58.0 56.0 76.0 22.0 56.0 53.0 53.0 71.0 0.0 
12 1 5 10 
7 54 50 44 5 73 100 61 8 39 53 2 25 75 75 25 27 15 94 18 91 21 75 65 71 74 17 70 60 61 27 94 99 63 70 11 49 38 88 60 28 85 18 18 25 0 18 74 54 23 21 12 50 71 62 76 25 75 75 25 