6 20 2 4 3 130 125 260 250 5 21
15 30 0 0 10 15 0 0 17 11 0 0 0 0 21 13 0 0 24 16 0 0 18 26 
0 1 0 0 0 4 0 0 0 0 1 1 2 0 0 3 0 0 2 3 4 2 2 0 0 0 2 0 1 0 3 0 0 5 0 1 0 0 4 1 1 0 0 0 4 3 0 3 0 5 2 2 1 5 3 0 0 0 4 0 4 4 1 0 1 0 0 5 1 1 3 3 0 0 3 4 0 0 3 0 
0 0 1 0 0 0 1 0 1 0 1 0 1 1 1 0 1 0 1 0 1 1 1 0 0 0 0 0 0 0 
1 1 1 1 1 1 1 1 1 1 1 1 1 1 1 1 1 1 1 1 1 1 1 1 1 1 1 1 1 1 1 1 1 1 1 1 1 1 1 1 1 1 1 1 1 1 1 1 1 1 1 1 1 1 1 1 1 1 1 1 1 1 1 1 1 1 1 1 1 1 1 1 1 1 1 1 1 1 1 1 1 1 1 1 1 1 1 1 1 1 1 1 1 1 1 1 1 1 1 1 
0 0 5 5 0 0 0 0 0 0 5 5 0 0 0 0 0 0 0 0 5 5 5 5 3 5 0 0 0 0 4 5 0 0 0 0 3 4 1 5 2 2 3 5 4 5 0 0 0 0 0 0 3 5 0 0 3 4 0 0 4 5 0 0 0 0 5 5 0 0 4 5 0 0 0 0 5 5 3 5 2 3 0 0 0 0 0 0 4 4 4 5 0 0 5 5 0 0 5 5 5 5 5 5 3 4 1 3 2 4 0 0 0 0 0 0 2 3 0 0 5 5 5 5 1 2 0 0 5 5 0 0 0 0 2 4 2 5 1 5 5 5 3 4 0 0 0 0 3 4 1 3 0 0 0 0 2 4 0 0 
3 2 5 3 
0.0 30.0 76.0 60.0 59.0 15.0 44.0 42.0 60.0 19.0 22.0 31.0 66.0 45.0 15.0 61.0 42.0 66.0 63.0 69.0 20.0 16.0 39.0 72.0 19.0 59.0 42.0 62.0 44.0 42.0 30.0 0.0 99.0 89.0 64.0 25.0 57.0 69.0 84.0 48.0 47.0 18.0 80.0 71.0 44.0 86.0 63.0 95.0 78.0 95.0 11.0 37.0 65.0 96.0 27.0 87.0 71.0 82.0 57.0 69.0 76.0 99.0 0.0 47.0 61.0 74.0 49.0 76.0 93.0 70.0 54.0 106.0 36.0 31.0 71.0 16.0 91.0 63.0 35.0 18.0 89.0 85.0 39.0 6.0 73.0 27.0 62.0 20.0 49.0 76.0 60.0 89.0 47.0 0.0 83.0 68.0 65.0 37.0 49.0 44.0 46.0 88.0 68.0 34.0 47.0 36.0 53.0 18.0 66.0 30.0 79.0 60.0 32.0 42.0 69.0 21.0 24.0 52.0 65.0 37.0 59.0 64.0 61.0 83.0 0.0 46.0 20.0 90.0 110.0 69.0 47.0 78.0 27.0 50.0 67.0 56.0 96.0 98.0 26.0 69.0 57.0 74.0 53.0 61.0 42.0 67.0 81.0 41.0 20.0 90.0 15.0 25.0 74.0 68.0 46.0 0.0 35.0 56.0 75.0 33.0 23.0 35.0 57.0 46.0 29.0 61.0 57.0 77.0 54.0 71.0 15.0 31.0 41.0 71.0 4.0 63.0 54.0 58.0 35.0 56.0 44.0 57.0 49.0 65.0 20.0 35.0 0.0 71.0 92.0 52.0 29.0 69.0 23.0 32.0 50.0 40.0 79.0 79.0 21.0 53.0 49.0 59.0 34.0 47.0 32.0 49.0 62.0 29.0 0.0 71.0 42.0 69.0 76.0 37.0 90.0 56.0 71.0 0.0 21.0 24.0 43.0 61.0 85.0 50.0 27.0 62.0 17.0 32.0 82.0 62.0 61.0 33.0 43.0 71.0 59.0 51.0 14.0 73.0 71.0 0.0 60.0 84.0 93.0 49.0 110.0 75.0 92.0 21.0 0.0 43.0 64.0 74.0 105.0 69.0 47.0 79.0 22.0 36.0 102.0 77.0 77.0 48.0 63.0 88.0 78.0 66.0 32.0 92.0 92.0 21.0 19.0 48.0 70.0 44.0 69.0 33.0 52.0 24.0 43.0 0.0 23.0 44.0 69.0 40.0 4.0 54.0 28.0 48.0 66.0 59.0 39.0 17.0 32.0 65.0 36.0 48.0 24.0 61.0 52.0 24.0 22.0 47.0 54.0 46.0 47.0 23.0 29.0 43.0 64.0 23.0 0.0 52.0 47.0 24.0 22.0 40.0 50.0 57.0 44.0 49.0 37.0 34.0 18.0 50.0 24.0 40.0 36.0 41.0 29.0 43.0 31.0 18.0 106.0 88.0 78.0 35.0 69.0 61.0 74.0 44.0 52.0 0.0 92.0 75.0 41.0 91.0 53.0 90.0 89.0 99.0 22.0 29.0 69.0 102.0 38.0 89.0 67.0 91.0 69.0 61.0 66.0 80.0 36.0 68.0 27.0 57.0 23.0 85.0 105.0 69.0 47.0 92.0 0.0 37.0 68.0 35.0 95.0 85.0 4.0 47.0 71.0 79.0 43.0 37.0 55.0 49.0 73.0 18.0 23.0 85.0 45.0 71.0 31.0 34.0 50.0 46.0 32.0 50.0 69.0 40.0 24.0 75.0 37.0 0.0 40.0 16.0 63.0 49.0 34.0 25.0 60.0 54.0 8.0 27.0 45.0 19.0 38.0 23.0 32.0 50.0 15.0 44.0 71.0 47.0 67.0 29.0 50.0 27.0 47.0 4.0 22.0 41.0 68.0 40.0 0.0 55.0 30.0 51.0 65.0 61.0 35.0 15.0 32.0 66.0 32.0 50.0 27.0 61.0 50.0 27.0 61.0 86.0 16.0 36.0 56.0 61.0 40.0 62.0 79.0 54.0 40.0 91.0 35.0 16.0 55.0 0.0 76.0 53.0 33.0 14.0 75.0 69.0 24.0 11.0 60.0 15.0 48.0 17.0 40.0 62.0 42.0 63.0 91.0 53.0 96.0 57.0 79.0 17.0 22.0 28.0 50.0 53.0 95.0 63.0 30.0 76.0 0.0 47.0 92.0 77.0 57.0 28.0 55.0 86.0 60.0 66.0 30.0 85.0 79.0 17.0 66.0 95.0 63.0 18.0 98.0 77.0 79.0 32.0 36.0 48.0 57.0 90.0 85.0 49.0 51.0 53.0 47.0 0.0 82.0 46.0 85.0 62.0 46.0 58.0 79.0 38.0 25.0 68.0 79.0 32.0 63.0 78.0 35.0 66.0 26.0 54.0 21.0 82.0 102.0 66.0 44.0 89.0 4.0 34.0 65.0 33.0 92.0 82.0 0.0 45.0 69.0 76.0 40.0 36.0 52.0 47.0 70.0 17.0 21.0 82.0 69.0 95.0 18.0 30.0 69.0 71.0 53.0 62.0 77.0 59.0 49.0 99.0 47.0 25.0 61.0 14.0 77.0 46.0 45.0 0.0 85.0 75.0 31.0 13.0 70.0 12.0 48.0 29.0 53.0 62.0 20.0 11.0 89.0 79.0 57.0 15.0 49.0 61.0 77.0 39.0 37.0 22.0 71.0 60.0 35.0 75.0 57.0 85.0 69.0 85.0 0.0 30.0 54.0 85.0 17.0 76.0 61.0 73.0 49.0 61.0 16.0 37.0 85.0 60.0 74.0 31.0 59.0 33.0 48.0 17.0 34.0 29.0 79.0 54.0 15.0 69.0 28.0 62.0 76.0 75.0 30.0 0.0 46.0 80.0 34.0 65.0 38.0 74.0 59.0 33.0 39.0 65.0 39.0 32.0 53.0 41.0 34.0 43.0 63.0 32.0 18.0 69.0 43.0 8.0 32.0 24.0 55.0 46.0 40.0 31.0 54.0 46.0 0.0 34.0 41.0 22.0 31.0 31.0 34.0 43.0 72.0 96.0 6.0 42.0 61.0 71.0 47.0 71.0 88.0 65.0 50.0 102.0 37.0 27.0 66.0 11.0 86.0 58.0 36.0 13.0 85.0 80.0 34.0 0.0 70.0 22.0 57.0 20.0 47.0 71.0 19.0 27.0 73.0 69.0 42.0 4.0 32.0 59.0 78.0 36.0 24.0 38.0 55.0 45.0 32.0 60.0 60.0 79.0 52.0 70.0 17.0 34.0 41.0 70.0 0.0 63.0 56.0 56.0 32.0 59.0 59.0 87.0 27.0 21.0 67.0 63.0 49.0 51.0 66.0 48.0 40.0 89.0 49.0 19.0 50.0 15.0 66.0 38.0 47.0 12.0 76.0 65.0 22.0 22.0 63.0 0.0 37.0 32.0 49.0 51.0 42.0 71.0 62.0 24.0 81.0 54.0 62.0 14.0 32.0 24.0 36.0 67.0 73.0 38.0 27.0 48.0 30.0 25.0 70.0 48.0 61.0 38.0 31.0 57.0 56.0 37.0 0.0 60.0 62.0 14.0 62.0 82.0 20.0 52.0 41.0 58.0 29.0 73.0 92.0 61.0 41.0 91.0 18.0 23.0 61.0 17.0 85.0 68.0 17.0 29.0 73.0 74.0 31.0 20.0 56.0 32.0 60.0 0.0 29.0 73.0 44.0 57.0 49.0 65.0 20.0 35.0 0.0 71.0 92.0 52.0 29.0 69.0 23.0 32.0 50.0 40.0 79.0 79.0 21.0 53.0 49.0 59.0 34.0 47.0 32.0 49.0 62.0 29.0 0.0 71.0 42.0 69.0 76.0 37.0 90.0 56.0 71.0 0.0 21.0 24.0 43.0 61.0 85.0 50.0 27.0 62.0 17.0 32.0 82.0 62.0 61.0 33.0 43.0 71.0 59.0 51.0 14.0 73.0 71.0 0.0 
13 2 5 4 
34 32 7 21 66 100 87 59 8 84 22 41 25 75 75 25 90 11 53 32 42 52 17 7 31 97 56 71 49 32 63 85 69 10 98 46 32 94 76 86 15 28 43 19 56 63 67 95 20 44 74 75 75 39 48 92 25 75 75 25 