6 20 2 4 3 313 125 626 250 5 21
7 11 0 0 15 27 0 0 15 24 0 0 0 0 32 31 0 0 14 20 0 0 20 30 
2 0 5 0 4 0 1 0 0 5 0 5 4 5 0 2 1 5 5 0 0 2 2 0 0 0 5 5 0 0 0 3 0 5 0 3 2 0 0 2 0 0 3 3 0 0 1 0 0 0 5 1 0 2 0 0 1 0 0 0 3 0 3 3 0 0 1 5 2 0 1 2 0 0 0 2 1 4 3 5 
1 0 0 1 0 1 0 0 0 0 0 1 0 0 1 1 0 0 0 1 0 1 0 0 1 1 0 0 0 0 
1 1 1 1 1 1 1 1 1 1 1 1 1 1 1 1 1 1 1 1 1 1 1 1 1 1 1 1 1 1 1 1 1 1 1 1 1 1 1 1 1 1 1 1 1 1 1 1 1 1 1 1 1 1 1 1 1 1 1 1 1 1 1 1 1 1 1 1 1 1 1 1 1 1 1 1 1 1 1 1 1 1 1 1 1 1 1 1 1 1 1 1 1 1 1 1 1 1 1 1 
1 4 0 0 4 5 0 0 5 5 0 0 4 5 0 0 0 0 4 5 0 0 5 5 1 1 5 5 0 0 5 5 3 5 1 4 3 4 0 0 0 0 4 5 4 5 0 0 0 0 0 0 5 5 5 5 0 0 0 0 0 0 2 5 0 0 4 5 0 0 1 1 2 3 0 0 0 0 1 4 0 0 0 0 2 4 1 3 0 0 0 0 5 5 0 0 0 0 0 0 4 5 5 5 0 0 1 4 0 0 0 0 2 5 0 0 0 0 0 0 4 5 0 0 3 5 5 5 0 0 0 0 1 4 1 5 3 4 0 0 4 5 3 3 0 0 0 0 0 0 4 5 4 4 2 4 3 5 2 5 
4 3 2 4 
0.0 66.0 122.0 96.0 99.0 72.0 100.0 30.0 50.0 87.0 49.0 81.0 24.0 72.0 91.0 93.0 102.0 52.0 114.0 51.0 22.0 82.0 45.0 117.0 82.0 76.0 87.0 103.0 100.0 30.0 66.0 0.0 58.0 77.0 36.0 23.0 41.0 40.0 43.0 37.0 19.0 20.0 42.0 24.0 79.0 46.0 64.0 41.0 57.0 18.0 51.0 43.0 49.0 54.0 38.0 18.0 32.0 68.0 41.0 40.0 122.0 58.0 0.0 86.0 42.0 67.0 25.0 93.0 84.0 66.0 77.0 51.0 98.0 53.0 92.0 44.0 58.0 81.0 25.0 71.0 104.0 79.0 92.0 6.0 51.0 57.0 38.0 64.0 25.0 93.0 96.0 77.0 86.0 0.0 101.0 100.0 64.0 72.0 49.0 112.0 85.0 92.0 82.0 54.0 9.0 43.0 28.0 48.0 63.0 69.0 75.0 119.0 51.0 81.0 44.0 94.0 57.0 24.0 64.0 72.0 99.0 36.0 42.0 101.0 0.0 31.0 42.0 75.0 77.0 25.0 50.0 18.0 76.0 50.0 104.0 60.0 79.0 74.0 56.0 53.0 86.0 39.0 84.0 41.0 58.0 23.0 44.0 85.0 42.0 75.0 72.0 23.0 67.0 100.0 31.0 0.0 58.0 53.0 63.0 17.0 25.0 16.0 51.0 47.0 102.0 67.0 86.0 62.0 73.0 36.0 64.0 20.0 68.0 65.0 60.0 11.0 51.0 90.0 58.0 53.0 100.0 41.0 25.0 64.0 42.0 58.0 0.0 71.0 60.0 62.0 60.0 43.0 77.0 30.0 70.0 21.0 39.0 56.0 17.0 50.0 81.0 74.0 68.0 20.0 26.0 48.0 14.0 45.0 0.0 71.0 30.0 40.0 93.0 72.0 75.0 53.0 71.0 0.0 24.0 69.0 29.0 58.0 11.0 42.0 70.0 64.0 74.0 25.0 85.0 24.0 12.0 68.0 23.0 89.0 53.0 55.0 58.0 76.0 71.0 0.0 50.0 43.0 84.0 49.0 77.0 63.0 60.0 24.0 0.0 78.0 42.0 62.0 34.0 32.0 47.0 47.0 53.0 4.0 70.0 28.0 28.0 81.0 8.0 79.0 37.0 61.0 47.0 54.0 60.0 24.0 87.0 37.0 66.0 112.0 25.0 17.0 62.0 69.0 78.0 0.0 41.0 21.0 67.0 58.0 115.0 76.0 95.0 77.0 77.0 51.0 80.0 14.0 84.0 65.0 70.0 19.0 59.0 100.0 62.0 69.0 49.0 19.0 77.0 85.0 50.0 25.0 60.0 29.0 42.0 41.0 0.0 32.0 27.0 38.0 85.0 62.0 77.0 42.0 75.0 17.0 40.0 40.0 46.0 73.0 52.0 28.0 49.0 81.0 60.0 29.0 81.0 20.0 51.0 92.0 18.0 16.0 43.0 58.0 62.0 21.0 32.0 0.0 58.0 39.0 95.0 56.0 75.0 60.0 59.0 37.0 69.0 31.0 69.0 49.0 50.0 6.0 39.0 80.0 43.0 58.0 24.0 42.0 98.0 82.0 76.0 51.0 77.0 11.0 34.0 67.0 27.0 58.0 0.0 49.0 80.0 72.0 83.0 36.0 91.0 28.0 15.0 64.0 33.0 94.0 61.0 54.0 64.0 85.0 77.0 11.0 72.0 24.0 53.0 54.0 50.0 47.0 30.0 42.0 32.0 58.0 38.0 39.0 49.0 0.0 57.0 25.0 41.0 28.0 43.0 23.0 52.0 66.0 39.0 48.0 15.0 40.0 16.0 45.0 30.0 42.0 91.0 79.0 92.0 9.0 104.0 102.0 70.0 70.0 47.0 115.0 85.0 95.0 80.0 57.0 0.0 49.0 36.0 46.0 70.0 69.0 71.0 121.0 48.0 87.0 47.0 96.0 62.0 31.0 70.0 70.0 93.0 46.0 44.0 43.0 60.0 67.0 21.0 64.0 47.0 76.0 62.0 56.0 72.0 25.0 49.0 0.0 20.0 44.0 25.0 47.0 72.0 86.0 54.0 40.0 12.0 59.0 17.0 25.0 21.0 64.0 102.0 64.0 58.0 28.0 79.0 86.0 39.0 74.0 53.0 95.0 77.0 75.0 83.0 41.0 36.0 20.0 0.0 50.0 35.0 62.0 80.0 104.0 59.0 54.0 26.0 77.0 36.0 6.0 39.0 74.0 52.0 41.0 81.0 48.0 74.0 62.0 56.0 25.0 4.0 77.0 42.0 60.0 36.0 28.0 46.0 44.0 50.0 0.0 67.0 26.0 31.0 80.0 12.0 76.0 33.0 59.0 43.0 51.0 56.0 25.0 114.0 57.0 25.0 63.0 56.0 73.0 17.0 85.0 70.0 77.0 75.0 59.0 91.0 43.0 70.0 25.0 35.0 67.0 0.0 65.0 94.0 89.0 78.0 21.0 34.0 64.0 28.0 40.0 17.0 85.0 51.0 18.0 71.0 69.0 53.0 36.0 50.0 24.0 28.0 51.0 17.0 37.0 28.0 23.0 69.0 47.0 62.0 26.0 65.0 0.0 35.0 54.0 33.0 66.0 37.0 34.0 37.0 65.0 50.0 24.0 22.0 51.0 104.0 75.0 86.0 64.0 81.0 12.0 28.0 80.0 40.0 69.0 15.0 52.0 71.0 72.0 80.0 31.0 94.0 35.0 0.0 78.0 24.0 99.0 61.0 66.0 68.0 81.0 81.0 12.0 82.0 43.0 79.0 119.0 39.0 20.0 74.0 68.0 81.0 14.0 40.0 31.0 64.0 66.0 121.0 86.0 104.0 80.0 89.0 54.0 78.0 0.0 86.0 78.0 79.0 27.0 69.0 109.0 74.0 68.0 45.0 49.0 92.0 51.0 84.0 68.0 68.0 23.0 8.0 84.0 46.0 69.0 33.0 39.0 48.0 54.0 59.0 12.0 78.0 33.0 24.0 86.0 0.0 87.0 44.0 67.0 54.0 59.0 68.0 23.0 117.0 54.0 6.0 81.0 41.0 65.0 20.0 89.0 79.0 65.0 73.0 49.0 94.0 48.0 87.0 40.0 54.0 76.0 21.0 66.0 99.0 78.0 87.0 0.0 45.0 55.0 33.0 60.0 20.0 89.0 82.0 38.0 51.0 44.0 58.0 60.0 26.0 53.0 37.0 70.0 52.0 50.0 61.0 15.0 47.0 12.0 26.0 33.0 34.0 37.0 61.0 79.0 44.0 45.0 0.0 52.0 15.0 31.0 26.0 53.0 76.0 18.0 57.0 94.0 23.0 11.0 48.0 55.0 61.0 19.0 28.0 6.0 54.0 40.0 96.0 59.0 77.0 59.0 64.0 34.0 66.0 27.0 67.0 55.0 52.0 0.0 42.0 82.0 48.0 55.0 87.0 32.0 38.0 57.0 44.0 51.0 14.0 58.0 47.0 59.0 49.0 39.0 64.0 16.0 62.0 17.0 36.0 43.0 28.0 37.0 68.0 69.0 54.0 33.0 15.0 42.0 0.0 42.0 14.0 58.0 103.0 68.0 64.0 24.0 85.0 90.0 45.0 76.0 54.0 100.0 81.0 80.0 85.0 45.0 31.0 25.0 6.0 51.0 40.0 65.0 81.0 109.0 59.0 60.0 31.0 82.0 42.0 0.0 45.0 76.0 100.0 41.0 25.0 64.0 42.0 58.0 0.0 71.0 60.0 62.0 60.0 43.0 77.0 30.0 70.0 21.0 39.0 56.0 17.0 50.0 81.0 74.0 68.0 20.0 26.0 48.0 14.0 45.0 0.0 71.0 30.0 40.0 93.0 72.0 75.0 53.0 71.0 0.0 24.0 69.0 29.0 58.0 11.0 42.0 70.0 64.0 74.0 25.0 85.0 24.0 12.0 68.0 23.0 89.0 53.0 55.0 58.0 76.0 71.0 0.0 
10 7 12 14 
92 1 37 36 1 81 85 96 2 40 23 18 25 75 75 25 78 48 7 16 47 20 18 33 73 15 48 57 92 92 45 81 57 96 75 50 23 91 54 35 86 22 11 3 85 45 6 80 50 71 21 28 36 67 62 99 25 75 75 25 