6 20 2 4 3 220 125 439 250 5 21
18 39 0 0 34 38 0 0 43 28 0 0 0 0 21 19 0 0 28 22 0 0 21 35 
5 5 0 1 0 5 0 3 5 4 0 3 5 4 5 2 0 0 5 1 0 0 0 2 0 0 2 0 2 4 0 3 0 2 0 4 4 0 0 0 5 3 0 4 5 0 0 0 3 1 3 0 0 4 5 0 0 2 0 0 5 4 0 0 1 1 2 4 2 5 5 3 0 4 0 4 2 0 4 1 
0 1 0 0 1 0 1 0 1 1 0 1 0 1 1 0 1 0 1 1 0 1 1 0 0 1 1 0 0 1 
1 1 1 1 1 1 1 1 1 1 1 1 1 1 1 1 1 1 1 1 1 1 1 1 1 1 1 1 1 1 1 1 1 1 1 1 1 1 1 1 1 1 1 1 1 1 1 1 1 1 1 1 1 1 1 1 1 1 1 1 1 1 1 1 1 1 1 1 1 1 1 1 1 1 1 1 1 1 1 1 1 1 1 1 1 1 1 1 1 1 1 1 1 1 1 1 1 1 1 1 
2 3 5 5 0 0 1 3 0 0 3 5 0 0 4 5 3 5 3 4 0 0 3 5 5 5 2 4 1 3 4 5 0 0 0 0 3 5 3 4 0 0 0 0 0 0 3 5 0 0 0 0 4 5 0 0 1 2 4 5 0 0 1 5 0 0 2 5 0 0 3 4 5 5 0 0 0 0 0 0 5 5 5 5 0 0 1 2 2 4 0 0 0 0 0 0 5 5 3 5 4 5 0 0 0 0 1 3 5 5 0 0 0 0 4 5 0 0 0 0 3 5 1 5 0 0 0 0 2 4 5 5 4 5 4 5 5 5 3 5 2 4 2 3 0 0 3 5 0 0 5 5 4 5 0 0 2 5 5 5 
5 2 2 1 
0.0 27.0 76.0 35.0 61.0 33.0 68.0 27.0 50.0 55.0 88.0 49.0 33.0 87.0 77.0 50.0 57.0 63.0 33.0 38.0 27.0 52.0 41.0 79.0 62.0 5.0 55.0 46.0 68.0 27.0 27.0 0.0 70.0 24.0 42.0 19.0 68.0 4.0 60.0 60.0 82.0 32.0 37.0 84.0 55.0 40.0 52.0 39.0 26.0 12.0 34.0 68.0 67.0 83.0 36.0 28.0 71.0 71.0 68.0 4.0 76.0 70.0 0.0 46.0 43.0 88.0 17.0 73.0 42.0 31.0 13.0 41.0 44.0 16.0 52.0 30.0 20.0 57.0 95.0 71.0 50.0 56.0 89.0 32.0 72.0 80.0 59.0 87.0 17.0 73.0 35.0 24.0 46.0 0.0 28.0 43.0 45.0 28.0 42.0 39.0 58.0 14.0 20.0 60.0 44.0 17.0 29.0 34.0 49.0 28.0 21.0 53.0 66.0 61.0 41.0 39.0 57.0 68.0 45.0 28.0 61.0 42.0 43.0 28.0 0.0 57.0 51.0 44.0 61.0 53.0 52.0 14.0 44.0 58.0 18.0 25.0 36.0 15.0 66.0 37.0 47.0 74.0 92.0 69.0 30.0 64.0 78.0 94.0 51.0 44.0 33.0 19.0 88.0 43.0 57.0 0.0 86.0 15.0 76.0 78.0 100.0 50.0 54.0 102.0 68.0 59.0 71.0 51.0 10.0 21.0 50.0 82.0 73.0 101.0 42.0 32.0 86.0 79.0 86.0 15.0 68.0 68.0 17.0 45.0 51.0 86.0 0.0 71.0 26.0 16.0 25.0 45.0 35.0 21.0 64.0 30.0 17.0 65.0 92.0 72.0 41.0 40.0 75.0 19.0 78.0 72.0 43.0 72.0 0.0 71.0 27.0 4.0 73.0 28.0 44.0 15.0 71.0 0.0 63.0 63.0 85.0 36.0 40.0 87.0 57.0 44.0 56.0 41.0 23.0 12.0 37.0 70.0 68.0 87.0 37.0 28.0 74.0 72.0 71.0 0.0 50.0 60.0 42.0 42.0 61.0 76.0 26.0 63.0 0.0 12.0 50.0 49.0 23.0 46.0 77.0 37.0 29.0 72.0 79.0 68.0 26.0 15.0 49.0 31.0 82.0 54.0 19.0 46.0 26.0 63.0 55.0 60.0 31.0 39.0 53.0 78.0 16.0 63.0 12.0 0.0 40.0 44.0 24.0 36.0 69.0 30.0 19.0 66.0 82.0 66.0 29.0 26.0 60.0 25.0 77.0 60.0 29.0 57.0 16.0 63.0 88.0 82.0 13.0 58.0 52.0 100.0 25.0 85.0 50.0 40.0 0.0 52.0 55.0 9.0 59.0 42.0 32.0 67.0 107.0 83.0 61.0 64.0 99.0 33.0 82.0 92.0 66.0 96.0 25.0 85.0 49.0 32.0 41.0 14.0 14.0 50.0 45.0 36.0 49.0 44.0 52.0 0.0 31.0 56.0 31.0 15.0 28.0 23.0 58.0 32.0 33.0 62.0 79.0 62.0 34.0 52.0 67.0 81.0 45.0 36.0 33.0 37.0 44.0 20.0 44.0 54.0 35.0 40.0 23.0 24.0 55.0 31.0 0.0 54.0 60.0 22.0 24.0 52.0 58.0 45.0 7.0 34.0 51.0 48.0 60.0 38.0 38.0 51.0 35.0 40.0 87.0 84.0 16.0 60.0 58.0 102.0 21.0 87.0 46.0 36.0 9.0 56.0 54.0 0.0 66.0 44.0 32.0 72.0 108.0 86.0 60.0 58.0 94.0 25.0 87.0 91.0 60.0 91.0 21.0 87.0 77.0 55.0 52.0 44.0 18.0 68.0 64.0 57.0 77.0 69.0 59.0 31.0 60.0 66.0 0.0 41.0 50.0 17.0 77.0 48.0 64.0 91.0 109.0 82.0 31.0 80.0 95.0 111.0 64.0 57.0 50.0 40.0 30.0 17.0 25.0 59.0 30.0 44.0 37.0 30.0 42.0 15.0 22.0 44.0 41.0 0.0 14.0 37.0 66.0 43.0 27.0 51.0 73.0 48.0 49.0 54.0 55.0 73.0 30.0 44.0 57.0 52.0 20.0 29.0 36.0 71.0 17.0 56.0 29.0 19.0 32.0 28.0 24.0 32.0 50.0 14.0 0.0 49.0 77.0 56.0 31.0 44.0 72.0 35.0 62.0 61.0 48.0 71.0 17.0 56.0 63.0 39.0 57.0 34.0 15.0 51.0 65.0 41.0 72.0 66.0 67.0 23.0 52.0 72.0 17.0 37.0 49.0 0.0 60.0 31.0 54.0 85.0 98.0 83.0 16.0 65.0 89.0 100.0 65.0 41.0 33.0 26.0 95.0 49.0 66.0 10.0 92.0 23.0 79.0 82.0 107.0 58.0 58.0 108.0 77.0 66.0 77.0 60.0 0.0 30.0 54.0 84.0 71.0 106.0 51.0 30.0 87.0 77.0 92.0 23.0 38.0 12.0 71.0 28.0 37.0 21.0 72.0 12.0 68.0 66.0 83.0 32.0 45.0 86.0 48.0 43.0 56.0 31.0 30.0 0.0 43.0 77.0 78.0 89.0 25.0 39.0 81.0 82.0 72.0 12.0 27.0 34.0 50.0 21.0 47.0 50.0 41.0 37.0 26.0 29.0 61.0 33.0 7.0 60.0 64.0 27.0 31.0 54.0 54.0 43.0 0.0 35.0 47.0 53.0 60.0 32.0 39.0 48.0 41.0 37.0 52.0 68.0 56.0 53.0 74.0 82.0 40.0 70.0 15.0 26.0 64.0 62.0 34.0 58.0 91.0 51.0 44.0 85.0 84.0 77.0 35.0 0.0 39.0 38.0 93.0 56.0 5.0 35.0 40.0 70.0 41.0 67.0 89.0 66.0 92.0 73.0 75.0 68.0 49.0 60.0 99.0 79.0 51.0 94.0 109.0 73.0 72.0 98.0 71.0 78.0 47.0 39.0 0.0 77.0 101.0 42.0 39.0 8.0 75.0 68.0 79.0 83.0 32.0 61.0 69.0 101.0 19.0 87.0 31.0 25.0 33.0 62.0 48.0 25.0 82.0 48.0 35.0 83.0 106.0 89.0 53.0 38.0 77.0 0.0 96.0 83.0 40.0 73.0 19.0 87.0 62.0 36.0 72.0 41.0 30.0 42.0 78.0 37.0 82.0 77.0 82.0 34.0 60.0 87.0 31.0 49.0 62.0 16.0 51.0 25.0 60.0 93.0 101.0 96.0 0.0 63.0 97.0 104.0 78.0 37.0 5.0 28.0 80.0 39.0 64.0 32.0 72.0 28.0 54.0 60.0 92.0 52.0 38.0 91.0 80.0 54.0 61.0 65.0 30.0 39.0 32.0 56.0 42.0 83.0 63.0 0.0 59.0 48.0 72.0 28.0 55.0 71.0 59.0 57.0 78.0 86.0 43.0 74.0 19.0 29.0 66.0 67.0 38.0 60.0 95.0 55.0 48.0 89.0 87.0 81.0 39.0 5.0 39.0 40.0 97.0 59.0 0.0 34.0 43.0 74.0 46.0 71.0 87.0 68.0 94.0 79.0 72.0 72.0 46.0 57.0 96.0 81.0 51.0 91.0 111.0 73.0 71.0 100.0 77.0 82.0 48.0 35.0 8.0 73.0 104.0 48.0 34.0 0.0 72.0 72.0 68.0 68.0 17.0 45.0 51.0 86.0 0.0 71.0 26.0 16.0 25.0 45.0 35.0 21.0 64.0 30.0 17.0 65.0 92.0 72.0 41.0 40.0 75.0 19.0 78.0 72.0 43.0 72.0 0.0 71.0 27.0 4.0 73.0 28.0 44.0 15.0 71.0 0.0 63.0 63.0 85.0 36.0 40.0 87.0 57.0 44.0 56.0 41.0 23.0 12.0 37.0 70.0 68.0 87.0 37.0 28.0 74.0 72.0 71.0 0.0 
1 10 10 4 
87 49 72 27 13 63 53 41 31 25 87 16 25 75 75 25 50 82 40 77 2 68 41 34 56 60 5 76 20 12 38 48 32 60 37 12 96 18 67 17 62 59 60 93 98 88 22 93 48 1 91 47 61 97 94 94 25 75 75 25 