2 20 2 2 3 116 65 232 125 10 21
30 32 40 23 
0 2 3 0 5 5 4 4 5 0 0 3 2 0 0 1 3 0 0 4 5 5 0 3 2 0 2 3 3 2 0 1 2 0 3 4 5 0 1 4 
0 1 0 1 1 1 1 0 1 1 1 0 0 0 0 1 1 0 0 1 
1 1 1 1 1 1 1 1 1 1 1 1 1 1 1 1 1 1 1 1 1 1 1 1 1 1 1 1 1 1 1 1 1 1 1 1 1 1 1 1 1 1 1 1 1 1 1 1 1 1 1 1 1 1 1 1 1 1 1 1 1 1 1 1 1 1 1 1 1 1 1 1 1 1 1 1 1 1 1 1 1 1 1 1 1 1 1 1 1 1 1 1 1 1 1 1 1 1 1 1 1 1 1 1 1 1 1 1 1 1 1 1 1 1 1 1 1 1 1 1 1 1 1 1 1 1 1 1 1 1 1 1 1 1 1 1 1 1 1 1 1 1 1 1 1 1 1 1 1 1 1 1 1 1 1 1 1 1 1 1 1 1 1 1 1 1 1 1 1 1 1 1 1 1 1 1 1 1 1 1 1 1 1 1 1 1 1 1 1 1 1 1 1 1 1 1 1 1 1 1 
0 0 5 7 10 10 0 0 7 7 7 10 2 10 10 10 9 10 0 0 0 0 5 8 7 7 0 0 0 0 1 6 4 4 0 0 0 0 6 8 1 4 7 9 0 0 2 6 7 10 0 0 5 6 1 2 1 1 9 10 0 0 3 5 10 10 0 0 10 10 6 7 10 10 0 0 2 3 3 10 
8 9 
0.0 28.0 87.0 18.0 51.0 50.0 43.0 10.0 28.0 110.0 73.0 81.0 87.0 16.0 62.0 93.0 87.0 58.0 39.0 90.0 56.0 68.0 68.0 55.0 87.0 18.0 28.0 0.0 59.0 17.0 33.0 34.0 28.0 19.0 42.0 83.0 53.0 64.0 60.0 39.0 36.0 69.0 60.0 33.0 17.0 65.0 37.0 42.0 43.0 50.0 59.0 17.0 87.0 59.0 0.0 71.0 62.0 52.0 67.0 77.0 91.0 25.0 43.0 54.0 3.0 95.0 26.0 29.0 7.0 32.0 50.0 23.0 60.0 20.0 26.0 73.0 0.0 71.0 18.0 17.0 71.0 0.0 48.0 33.0 41.0 10.0 25.0 95.0 55.0 64.0 72.0 25.0 46.0 75.0 71.0 42.0 22.0 73.0 52.0 52.0 51.0 41.0 71.0 0.0 51.0 33.0 62.0 48.0 0.0 62.0 9.0 46.0 72.0 84.0 76.0 89.0 61.0 66.0 50.0 82.0 66.0 51.0 45.0 77.0 6.0 53.0 59.0 82.0 62.0 48.0 50.0 34.0 52.0 33.0 62.0 0.0 60.0 42.0 42.0 72.0 23.0 32.0 53.0 52.0 28.0 46.0 49.0 22.0 18.0 45.0 64.0 33.0 26.0 24.0 52.0 33.0 43.0 28.0 67.0 41.0 9.0 60.0 0.0 38.0 65.0 90.0 76.0 88.0 66.0 57.0 51.0 85.0 70.0 52.0 43.0 80.0 15.0 56.0 61.0 78.0 67.0 41.0 10.0 19.0 77.0 10.0 46.0 42.0 38.0 0.0 28.0 101.0 64.0 73.0 78.0 21.0 53.0 83.0 77.0 49.0 30.0 80.0 50.0 59.0 59.0 50.0 77.0 10.0 28.0 42.0 91.0 25.0 72.0 42.0 65.0 28.0 0.0 113.0 64.0 68.0 92.0 17.0 65.0 88.0 89.0 59.0 42.0 87.0 77.0 71.0 67.0 36.0 91.0 25.0 110.0 83.0 25.0 95.0 84.0 72.0 90.0 101.0 113.0 0.0 57.0 65.0 25.0 119.0 49.0 34.0 25.0 54.0 73.0 30.0 81.0 43.0 46.0 91.0 25.0 95.0 73.0 53.0 43.0 55.0 76.0 23.0 76.0 64.0 64.0 57.0 0.0 14.0 45.0 75.0 29.0 26.0 37.0 25.0 37.0 27.0 77.0 29.0 20.0 35.0 43.0 55.0 81.0 64.0 54.0 64.0 89.0 32.0 88.0 73.0 68.0 65.0 14.0 0.0 56.0 80.0 42.0 32.0 48.0 39.0 48.0 36.0 90.0 42.0 34.0 34.0 54.0 64.0 87.0 60.0 3.0 72.0 61.0 53.0 66.0 78.0 92.0 25.0 45.0 56.0 0.0 96.0 27.0 31.0 9.0 33.0 51.0 25.0 59.0 22.0 28.0 75.0 3.0 72.0 16.0 39.0 95.0 25.0 66.0 52.0 57.0 21.0 17.0 119.0 75.0 80.0 96.0 0.0 70.0 97.0 95.0 65.0 46.0 95.0 71.0 76.0 74.0 51.0 95.0 25.0 62.0 36.0 26.0 46.0 50.0 28.0 51.0 53.0 65.0 49.0 29.0 42.0 27.0 70.0 0.0 34.0 25.0 7.0 25.0 30.0 50.0 7.0 10.0 50.0 26.0 46.0 93.0 69.0 29.0 75.0 82.0 46.0 85.0 83.0 88.0 34.0 26.0 32.0 31.0 97.0 34.0 0.0 22.0 36.0 54.0 7.0 82.0 30.0 26.0 61.0 29.0 75.0 87.0 60.0 7.0 71.0 66.0 49.0 70.0 77.0 89.0 25.0 37.0 48.0 9.0 95.0 25.0 22.0 0.0 30.0 49.0 16.0 64.0 19.0 23.0 69.0 7.0 71.0 58.0 33.0 32.0 42.0 51.0 22.0 52.0 49.0 59.0 54.0 25.0 39.0 33.0 65.0 7.0 36.0 30.0 0.0 20.0 32.0 52.0 12.0 11.0 45.0 32.0 42.0 39.0 17.0 50.0 22.0 45.0 18.0 43.0 30.0 42.0 73.0 37.0 48.0 51.0 46.0 25.0 54.0 49.0 20.0 0.0 51.0 48.0 31.0 30.0 38.0 50.0 22.0 90.0 65.0 23.0 73.0 77.0 45.0 80.0 80.0 87.0 30.0 27.0 36.0 25.0 95.0 30.0 7.0 16.0 32.0 51.0 0.0 76.0 24.0 22.0 62.0 23.0 73.0 56.0 37.0 60.0 52.0 6.0 64.0 15.0 50.0 77.0 81.0 77.0 90.0 59.0 71.0 50.0 82.0 64.0 52.0 48.0 76.0 0.0 53.0 60.0 85.0 60.0 52.0 68.0 42.0 20.0 52.0 53.0 33.0 56.0 59.0 71.0 43.0 29.0 42.0 22.0 76.0 7.0 30.0 19.0 12.0 31.0 24.0 53.0 0.0 9.0 55.0 20.0 52.0 68.0 43.0 26.0 51.0 59.0 26.0 61.0 59.0 67.0 46.0 20.0 34.0 28.0 74.0 10.0 26.0 23.0 11.0 30.0 22.0 60.0 9.0 0.0 47.0 26.0 51.0 55.0 50.0 73.0 41.0 82.0 24.0 78.0 50.0 36.0 91.0 35.0 34.0 75.0 51.0 50.0 61.0 69.0 45.0 38.0 62.0 85.0 55.0 47.0 0.0 73.0 41.0 87.0 59.0 0.0 71.0 62.0 52.0 67.0 77.0 91.0 25.0 43.0 54.0 3.0 95.0 26.0 29.0 7.0 32.0 50.0 23.0 60.0 20.0 26.0 73.0 0.0 71.0 18.0 17.0 71.0 0.0 48.0 33.0 41.0 10.0 25.0 95.0 55.0 64.0 72.0 25.0 46.0 75.0 71.0 42.0 22.0 73.0 52.0 52.0 51.0 41.0 71.0 0.0 
1 13 
92 21 73 41 25 75 75 25 86 71 43 27 90 63 84 26 75 0 4 87 21 33 12 23 26 77 90 6 40 54 6 54 21 70 41 48 57 37 11 58 84 76 35 58 31 50 40 4 25 75 75 25 