2 20 2 2 3 71 65 142 125 10 21
21 37 20 32 
2 1 3 0 1 2 0 2 0 5 2 5 1 0 4 4 0 3 0 1 0 4 0 1 4 3 3 0 0 2 2 4 0 1 4 5 0 3 3 0 
0 1 1 1 0 1 0 0 1 0 0 1 0 0 0 1 0 1 1 1 
1 1 1 1 1 1 1 1 1 1 1 1 1 1 1 1 1 1 1 1 1 1 1 1 1 1 1 1 1 1 1 1 1 1 1 1 1 1 1 1 1 1 1 1 1 1 1 1 1 1 1 1 1 1 1 1 1 1 1 1 1 1 1 1 1 1 1 1 1 1 1 1 1 1 1 1 1 1 1 1 1 1 1 1 1 1 1 1 1 1 1 1 1 1 1 1 1 1 1 1 1 1 1 1 1 1 1 1 1 1 1 1 1 1 1 1 1 1 1 1 1 1 1 1 1 1 1 1 1 1 1 1 1 1 1 1 1 1 1 1 1 1 1 1 1 1 1 1 1 1 1 1 1 1 1 1 1 1 1 1 1 1 1 1 1 1 1 1 1 1 1 1 1 1 1 1 1 1 1 1 1 1 1 1 1 1 1 1 1 1 1 1 1 1 1 1 1 1 1 1 
7 7 6 8 4 8 0 0 7 9 3 5 0 0 5 10 0 0 2 9 2 7 7 10 5 8 0 0 8 10 2 4 0 0 6 6 0 0 6 7 0 0 3 7 0 0 10 10 6 8 2 9 3 7 0 0 0 0 3 9 3 9 8 10 0 0 4 8 7 9 10 10 0 0 8 10 4 6 0 0 
2 7 
0.0 36.0 32.0 46.0 13.0 37.0 63.0 20.0 36.0 39.0 66.0 10.0 46.0 76.0 70.0 44.0 64.0 73.0 8.0 45.0 63.0 38.0 56.0 39.0 32.0 46.0 36.0 0.0 67.0 41.0 26.0 24.0 72.0 20.0 46.0 75.0 86.0 27.0 54.0 64.0 91.0 63.0 75.0 64.0 41.0 22.0 62.0 35.0 75.0 75.0 67.0 41.0 32.0 67.0 0.0 71.0 44.0 61.0 76.0 49.0 55.0 13.0 68.0 41.0 63.0 100.0 71.0 53.0 75.0 96.0 27.0 72.0 83.0 64.0 60.0 13.0 0.0 71.0 46.0 41.0 71.0 0.0 36.0 62.0 33.0 49.0 19.0 72.0 54.0 41.0 19.0 30.0 58.0 35.0 38.0 27.0 53.0 63.0 21.0 9.0 44.0 72.0 71.0 0.0 13.0 26.0 44.0 36.0 0.0 34.0 58.0 17.0 30.0 50.0 66.0 6.0 39.0 65.0 70.0 43.0 60.0 62.0 20.0 40.0 55.0 28.0 55.0 50.0 44.0 36.0 37.0 24.0 61.0 62.0 34.0 0.0 90.0 18.0 62.0 72.0 100.0 31.0 71.0 87.0 104.0 76.0 93.0 87.0 37.0 12.0 83.0 55.0 88.0 72.0 61.0 62.0 63.0 72.0 76.0 33.0 58.0 90.0 0.0 73.0 28.0 71.0 27.0 62.0 19.0 42.0 30.0 24.0 6.0 35.0 69.0 93.0 20.0 38.0 22.0 71.0 76.0 33.0 20.0 20.0 49.0 49.0 17.0 18.0 73.0 0.0 45.0 58.0 82.0 13.0 55.0 76.0 86.0 59.0 76.0 74.0 23.0 26.0 69.0 40.0 71.0 58.0 49.0 49.0 36.0 46.0 55.0 19.0 30.0 62.0 28.0 45.0 0.0 54.0 41.0 34.0 10.0 47.0 45.0 19.0 31.0 42.0 42.0 66.0 29.0 17.0 30.0 54.0 55.0 19.0 39.0 75.0 13.0 72.0 50.0 72.0 71.0 58.0 54.0 0.0 59.0 49.0 61.0 100.0 62.0 48.0 70.0 95.0 36.0 82.0 81.0 66.0 53.0 0.0 13.0 72.0 66.0 86.0 68.0 54.0 66.0 100.0 27.0 82.0 41.0 59.0 0.0 69.0 36.0 68.0 5.0 24.0 22.0 61.0 70.0 105.0 46.0 56.0 12.0 59.0 68.0 54.0 10.0 27.0 41.0 41.0 6.0 31.0 62.0 13.0 34.0 49.0 69.0 0.0 44.0 70.0 74.0 46.0 64.0 68.0 16.0 38.0 60.0 33.0 58.0 49.0 41.0 41.0 46.0 54.0 63.0 19.0 39.0 71.0 19.0 55.0 10.0 61.0 36.0 44.0 0.0 40.0 40.0 18.0 22.0 35.0 52.0 75.0 20.0 20.0 26.0 61.0 63.0 19.0 76.0 64.0 100.0 30.0 65.0 87.0 42.0 76.0 47.0 100.0 68.0 70.0 40.0 0.0 71.0 57.0 47.0 7.0 83.0 85.0 23.0 38.0 62.0 100.0 100.0 30.0 70.0 91.0 71.0 58.0 70.0 104.0 30.0 86.0 45.0 62.0 5.0 74.0 40.0 71.0 0.0 28.0 25.0 64.0 74.0 109.0 48.0 60.0 16.0 62.0 71.0 58.0 44.0 63.0 53.0 35.0 43.0 76.0 24.0 59.0 19.0 48.0 24.0 46.0 18.0 57.0 28.0 0.0 23.0 51.0 49.0 82.0 36.0 34.0 13.0 48.0 53.0 35.0 64.0 75.0 75.0 38.0 60.0 93.0 6.0 76.0 31.0 70.0 22.0 64.0 22.0 47.0 25.0 23.0 0.0 40.0 70.0 96.0 25.0 42.0 19.0 70.0 75.0 38.0 73.0 64.0 96.0 27.0 62.0 87.0 35.0 74.0 42.0 95.0 61.0 68.0 35.0 7.0 64.0 51.0 40.0 0.0 80.0 85.0 16.0 35.0 55.0 95.0 96.0 27.0 8.0 41.0 27.0 53.0 20.0 37.0 69.0 23.0 42.0 36.0 70.0 16.0 52.0 83.0 74.0 49.0 70.0 80.0 0.0 47.0 70.0 45.0 60.0 36.0 27.0 53.0 45.0 22.0 72.0 63.0 40.0 12.0 93.0 26.0 66.0 82.0 105.0 38.0 75.0 85.0 109.0 82.0 96.0 85.0 47.0 0.0 84.0 56.0 94.0 82.0 72.0 63.0 63.0 62.0 83.0 21.0 55.0 83.0 20.0 69.0 29.0 81.0 46.0 60.0 20.0 23.0 48.0 36.0 25.0 16.0 70.0 84.0 0.0 29.0 39.0 81.0 83.0 21.0 38.0 35.0 64.0 9.0 28.0 55.0 38.0 40.0 17.0 66.0 56.0 33.0 20.0 38.0 60.0 34.0 42.0 35.0 45.0 56.0 29.0 0.0 45.0 66.0 64.0 9.0 56.0 75.0 60.0 44.0 55.0 88.0 22.0 71.0 30.0 53.0 12.0 58.0 26.0 62.0 16.0 13.0 19.0 55.0 60.0 94.0 39.0 45.0 0.0 53.0 60.0 44.0 39.0 75.0 13.0 72.0 50.0 72.0 71.0 58.0 54.0 0.0 59.0 49.0 61.0 100.0 62.0 48.0 70.0 95.0 36.0 82.0 81.0 66.0 53.0 0.0 13.0 72.0 32.0 67.0 0.0 71.0 44.0 61.0 76.0 49.0 55.0 13.0 68.0 41.0 63.0 100.0 71.0 53.0 75.0 96.0 27.0 72.0 83.0 64.0 60.0 13.0 0.0 71.0 46.0 41.0 71.0 0.0 36.0 62.0 33.0 49.0 19.0 72.0 54.0 41.0 19.0 30.0 58.0 35.0 38.0 27.0 53.0 63.0 21.0 9.0 44.0 72.0 71.0 0.0 
9 2 
55 66 90 63 25 75 75 25 65 59 85 86 50 4 73 73 57 31 16 66 24 8 64 64 57 21 91 0 21 5 40 25 45 3 84 0 51 72 96 84 69 5 73 33 32 16 16 66 25 75 75 25 