2 20 2 2 3 82 65 164 125 10 21
26 23 17 33 
0 5 0 3 0 2 3 0 2 5 3 4 2 2 5 0 4 0 0 3 2 0 0 2 3 4 1 4 0 1 0 1 3 0 3 0 1 4 0 4 
1 0 1 1 1 1 0 1 0 1 0 0 0 0 1 0 1 0 0 1 
1 1 1 1 1 1 1 1 1 1 1 1 1 1 1 1 1 1 1 1 1 1 1 1 1 1 1 1 1 1 1 1 1 1 1 1 1 1 1 1 1 1 1 1 1 1 1 1 1 1 1 1 1 1 1 1 1 1 1 1 1 1 1 1 1 1 1 1 1 1 1 1 1 1 1 1 1 1 1 1 1 1 1 1 1 1 1 1 1 1 1 1 1 1 1 1 1 1 1 1 1 1 1 1 1 1 1 1 1 1 1 1 1 1 1 1 1 1 1 1 1 1 1 1 1 1 1 1 1 1 1 1 1 1 1 1 1 1 1 1 1 1 1 1 1 1 1 1 1 1 1 1 1 1 1 1 1 1 1 1 1 1 1 1 1 1 1 1 1 1 1 1 1 1 1 1 1 1 1 1 1 1 1 1 1 1 1 1 1 1 1 1 1 1 1 1 1 1 1 1 
0 0 3 7 0 0 6 7 0 0 6 10 7 7 0 0 5 10 4 5 3 6 4 4 6 6 5 10 9 10 0 0 9 9 0 0 0 0 5 7 6 8 0 0 0 0 8 10 7 10 2 3 5 8 7 7 0 0 7 7 0 0 4 10 9 10 0 0 7 8 0 0 5 10 2 7 0 0 2 8 
8 1 
0.0 57.0 65.0 11.0 95.0 29.0 27.0 44.0 31.0 26.0 37.0 14.0 23.0 86.0 31.0 5.0 48.0 14.0 51.0 30.0 53.0 20.0 28.0 27.0 65.0 11.0 57.0 0.0 62.0 53.0 83.0 29.0 30.0 57.0 34.0 32.0 57.0 56.0 49.0 87.0 45.0 52.0 38.0 52.0 74.0 45.0 39.0 40.0 81.0 77.0 62.0 53.0 65.0 62.0 0.0 71.0 30.0 52.0 57.0 23.0 42.0 52.0 31.0 76.0 43.0 26.0 82.0 66.0 25.0 73.0 31.0 81.0 24.0 67.0 69.0 92.0 0.0 71.0 11.0 53.0 71.0 0.0 100.0 28.0 24.0 51.0 33.0 25.0 44.0 5.0 29.0 93.0 21.0 7.0 52.0 3.0 60.0 20.0 56.0 13.0 37.0 26.0 71.0 0.0 95.0 83.0 30.0 100.0 0.0 79.0 84.0 52.0 70.0 80.0 60.0 105.0 72.0 21.0 110.0 95.0 52.0 102.0 55.0 109.0 48.0 96.0 96.0 121.0 30.0 100.0 29.0 29.0 52.0 28.0 79.0 0.0 5.0 38.0 11.0 4.0 35.0 32.0 22.0 76.0 31.0 26.0 28.0 28.0 53.0 30.0 32.0 18.0 52.0 53.0 52.0 28.0 27.0 30.0 57.0 24.0 84.0 5.0 0.0 42.0 15.0 5.0 39.0 29.0 25.0 81.0 26.0 23.0 33.0 25.0 57.0 25.0 37.0 13.0 52.0 50.0 57.0 24.0 44.0 57.0 23.0 51.0 52.0 38.0 42.0 0.0 27.0 37.0 8.0 55.0 22.0 43.0 64.0 45.0 22.0 53.0 18.0 63.0 25.0 50.0 46.0 70.0 23.0 51.0 31.0 34.0 42.0 33.0 70.0 11.0 15.0 27.0 0.0 11.0 25.0 38.0 15.0 66.0 40.0 29.0 20.0 34.0 43.0 39.0 24.0 26.0 49.0 57.0 42.0 33.0 26.0 32.0 52.0 25.0 80.0 4.0 5.0 37.0 11.0 0.0 34.0 30.0 20.0 77.0 30.0 23.0 29.0 26.0 52.0 29.0 34.0 16.0 49.0 50.0 52.0 25.0 37.0 57.0 31.0 44.0 60.0 35.0 39.0 8.0 25.0 34.0 0.0 49.0 16.0 49.0 59.0 38.0 26.0 47.0 19.0 58.0 30.0 45.0 39.0 62.0 31.0 44.0 14.0 56.0 76.0 5.0 105.0 32.0 29.0 55.0 38.0 30.0 49.0 0.0 34.0 98.0 20.0 11.0 57.0 4.0 64.0 19.0 61.0 17.0 38.0 22.0 76.0 5.0 23.0 49.0 43.0 29.0 72.0 22.0 25.0 22.0 15.0 20.0 16.0 34.0 0.0 64.0 44.0 23.0 28.0 32.0 34.0 43.0 33.0 29.0 35.0 49.0 43.0 29.0 86.0 87.0 26.0 93.0 21.0 76.0 81.0 43.0 66.0 77.0 49.0 98.0 64.0 0.0 106.0 87.0 51.0 95.0 39.0 105.0 49.0 91.0 82.0 111.0 26.0 93.0 31.0 45.0 82.0 21.0 110.0 31.0 26.0 64.0 40.0 30.0 59.0 20.0 44.0 106.0 0.0 26.0 59.0 18.0 77.0 1.0 63.0 15.0 57.0 37.0 82.0 21.0 5.0 52.0 66.0 7.0 95.0 26.0 23.0 45.0 29.0 23.0 38.0 11.0 23.0 87.0 26.0 0.0 47.0 10.0 54.0 25.0 52.0 15.0 33.0 29.0 66.0 7.0 48.0 38.0 25.0 52.0 52.0 28.0 33.0 22.0 20.0 29.0 26.0 57.0 28.0 51.0 59.0 47.0 0.0 53.0 39.0 58.0 6.0 45.0 61.0 75.0 25.0 52.0 14.0 52.0 73.0 3.0 102.0 28.0 25.0 53.0 34.0 26.0 47.0 4.0 32.0 95.0 18.0 10.0 53.0 0.0 63.0 17.0 58.0 13.0 40.0 26.0 73.0 3.0 51.0 74.0 31.0 60.0 55.0 53.0 57.0 18.0 43.0 52.0 19.0 64.0 34.0 39.0 77.0 54.0 39.0 63.0 0.0 76.0 42.0 62.0 43.0 74.0 31.0 60.0 30.0 45.0 81.0 20.0 109.0 30.0 25.0 63.0 39.0 29.0 58.0 19.0 43.0 105.0 1.0 25.0 58.0 17.0 76.0 0.0 62.0 14.0 56.0 36.0 81.0 20.0 53.0 39.0 24.0 56.0 48.0 32.0 37.0 25.0 24.0 34.0 30.0 61.0 33.0 49.0 63.0 52.0 6.0 58.0 42.0 62.0 0.0 49.0 66.0 80.0 24.0 56.0 20.0 40.0 67.0 13.0 96.0 18.0 13.0 50.0 26.0 16.0 45.0 17.0 29.0 91.0 15.0 15.0 45.0 13.0 62.0 14.0 49.0 0.0 48.0 38.0 67.0 13.0 28.0 81.0 69.0 37.0 96.0 52.0 52.0 46.0 49.0 49.0 39.0 38.0 35.0 82.0 57.0 33.0 61.0 40.0 43.0 56.0 66.0 48.0 0.0 37.0 69.0 37.0 27.0 77.0 92.0 26.0 121.0 53.0 50.0 70.0 57.0 50.0 62.0 22.0 49.0 111.0 37.0 29.0 75.0 26.0 74.0 36.0 80.0 38.0 37.0 0.0 92.0 26.0 65.0 62.0 0.0 71.0 30.0 52.0 57.0 23.0 42.0 52.0 31.0 76.0 43.0 26.0 82.0 66.0 25.0 73.0 31.0 81.0 24.0 67.0 69.0 92.0 0.0 71.0 11.0 53.0 71.0 0.0 100.0 28.0 24.0 51.0 33.0 25.0 44.0 5.0 29.0 93.0 21.0 7.0 52.0 3.0 60.0 20.0 56.0 13.0 37.0 26.0 71.0 0.0 
10 2 
76 35 24 14 25 75 75 25 2 93 48 29 51 25 46 66 46 39 51 30 53 63 79 22 58 48 21 100 68 6 73 31 31 51 75 22 55 81 68 7 26 52 63 20 91 58 100 23 25 75 75 25 