2 20 2 2 3 110 65 220 125 10 21
27 27 25 32 
1 0 4 0 3 0 2 1 0 2 1 3 0 4 5 0 0 3 1 2 3 0 0 5 0 5 4 0 4 3 0 2 4 2 0 3 0 3 1 0 
1 1 0 0 1 1 1 1 0 1 1 1 1 1 0 1 1 1 0 1 
1 1 1 1 1 1 1 1 1 1 1 1 1 1 1 1 1 1 1 1 1 1 1 1 1 1 1 1 1 1 1 1 1 1 1 1 1 1 1 1 1 1 1 1 1 1 1 1 1 1 1 1 1 1 1 1 1 1 1 1 1 1 1 1 1 1 1 1 1 1 1 1 1 1 1 1 1 1 1 1 1 1 1 1 1 1 1 1 1 1 1 1 1 1 1 1 1 1 1 1 1 1 1 1 1 1 1 1 1 1 1 1 1 1 1 1 1 1 1 1 1 1 1 1 1 1 1 1 1 1 1 1 1 1 1 1 1 1 1 1 1 1 1 1 1 1 1 1 1 1 1 1 1 1 1 1 1 1 1 1 1 1 1 1 1 1 1 1 1 1 1 1 1 1 1 1 1 1 1 1 1 1 1 1 1 1 1 1 1 1 1 1 1 1 1 1 1 1 1 1 
5 9 0 0 1 4 0 0 1 7 0 0 6 9 4 7 0 0 5 6 4 8 6 8 0 0 9 10 5 6 0 0 0 0 3 4 7 9 3 10 2 8 0 0 0 0 9 10 0 0 1 8 7 10 0 0 10 10 5 8 0 0 8 10 5 10 1 8 0 0 6 8 0 0 2 10 1 4 0 0 
9 6 
0.0 78.0 46.0 62.0 85.0 81.0 56.0 12.0 74.0 91.0 46.0 74.0 52.0 58.0 51.0 70.0 58.0 81.0 54.0 30.0 2.0 56.0 76.0 74.0 46.0 62.0 78.0 0.0 54.0 50.0 45.0 44.0 53.0 70.0 11.0 22.0 79.0 8.0 29.0 35.0 30.0 51.0 57.0 61.0 48.0 62.0 76.0 23.0 27.0 27.0 54.0 50.0 46.0 54.0 0.0 71.0 84.0 81.0 69.0 46.0 57.0 74.0 78.0 47.0 45.0 58.0 44.0 25.0 73.0 91.0 10.0 17.0 45.0 43.0 38.0 66.0 0.0 71.0 62.0 50.0 71.0 0.0 25.0 22.0 7.0 51.0 40.0 48.0 37.0 53.0 29.0 16.0 29.0 85.0 9.0 21.0 73.0 67.0 60.0 35.0 70.0 26.0 71.0 0.0 85.0 45.0 84.0 25.0 0.0 4.0 32.0 74.0 35.0 32.0 60.0 51.0 40.0 28.0 41.0 92.0 33.0 20.0 83.0 85.0 83.0 42.0 71.0 20.0 84.0 25.0 81.0 44.0 81.0 22.0 4.0 0.0 28.0 70.0 34.0 33.0 57.0 49.0 36.0 24.0 37.0 89.0 29.0 20.0 80.0 81.0 79.0 39.0 69.0 17.0 81.0 22.0 56.0 53.0 69.0 7.0 32.0 28.0 0.0 45.0 44.0 53.0 30.0 56.0 29.0 19.0 30.0 85.0 5.0 25.0 72.0 64.0 54.0 36.0 71.0 31.0 69.0 7.0 12.0 70.0 46.0 51.0 74.0 70.0 45.0 0.0 66.0 82.0 37.0 67.0 43.0 48.0 42.0 70.0 47.0 70.0 54.0 32.0 10.0 48.0 72.0 63.0 46.0 51.0 74.0 11.0 57.0 40.0 35.0 34.0 44.0 66.0 0.0 19.0 71.0 16.0 23.0 26.0 24.0 59.0 48.0 51.0 53.0 63.0 73.0 19.0 36.0 17.0 57.0 40.0 91.0 22.0 74.0 48.0 32.0 33.0 53.0 82.0 19.0 0.0 83.0 30.0 40.0 38.0 41.0 73.0 56.0 52.0 69.0 81.0 90.0 37.0 48.0 23.0 74.0 48.0 46.0 79.0 78.0 37.0 60.0 57.0 30.0 37.0 71.0 83.0 0.0 80.0 51.0 46.0 51.0 99.0 28.0 48.0 83.0 67.0 44.0 58.0 92.0 60.0 78.0 37.0 74.0 8.0 47.0 53.0 51.0 49.0 56.0 67.0 16.0 30.0 80.0 0.0 29.0 37.0 29.0 44.0 60.0 66.0 41.0 56.0 72.0 22.0 20.0 33.0 47.0 53.0 52.0 29.0 45.0 29.0 40.0 36.0 29.0 43.0 23.0 40.0 51.0 29.0 0.0 14.0 1.0 57.0 33.0 47.0 45.0 46.0 50.0 8.0 43.0 24.0 45.0 29.0 58.0 35.0 58.0 16.0 28.0 24.0 19.0 48.0 26.0 38.0 46.0 37.0 14.0 0.0 15.0 70.0 23.0 34.0 58.0 57.0 56.0 19.0 54.0 17.0 58.0 16.0 51.0 30.0 44.0 29.0 41.0 37.0 30.0 42.0 24.0 41.0 51.0 29.0 1.0 15.0 0.0 56.0 34.0 48.0 44.0 45.0 49.0 8.0 43.0 25.0 44.0 29.0 70.0 51.0 25.0 85.0 92.0 89.0 85.0 70.0 59.0 73.0 99.0 44.0 57.0 70.0 56.0 0.0 89.0 103.0 17.0 41.0 70.0 51.0 26.0 73.0 25.0 85.0 58.0 57.0 73.0 9.0 33.0 29.0 5.0 47.0 48.0 56.0 28.0 60.0 33.0 23.0 34.0 89.0 0.0 24.0 75.0 67.0 56.0 40.0 75.0 34.0 73.0 9.0 81.0 61.0 91.0 21.0 20.0 20.0 25.0 70.0 51.0 52.0 48.0 66.0 47.0 34.0 48.0 103.0 24.0 0.0 92.0 88.0 79.0 52.0 85.0 34.0 91.0 21.0 54.0 48.0 10.0 73.0 83.0 80.0 72.0 54.0 53.0 69.0 83.0 41.0 45.0 58.0 44.0 17.0 75.0 92.0 0.0 26.0 54.0 41.0 29.0 64.0 10.0 73.0 30.0 62.0 17.0 67.0 85.0 81.0 64.0 32.0 63.0 81.0 67.0 56.0 46.0 57.0 45.0 41.0 67.0 88.0 26.0 0.0 30.0 46.0 52.0 69.0 17.0 67.0 2.0 76.0 45.0 60.0 83.0 79.0 54.0 10.0 73.0 90.0 44.0 72.0 50.0 56.0 49.0 70.0 56.0 79.0 54.0 30.0 0.0 54.0 75.0 72.0 45.0 60.0 56.0 23.0 43.0 35.0 42.0 39.0 36.0 48.0 19.0 37.0 58.0 22.0 8.0 19.0 8.0 51.0 40.0 52.0 41.0 46.0 54.0 0.0 36.0 24.0 43.0 35.0 76.0 27.0 38.0 70.0 71.0 69.0 71.0 72.0 36.0 48.0 92.0 20.0 43.0 54.0 43.0 26.0 75.0 85.0 29.0 52.0 75.0 36.0 0.0 52.0 38.0 70.0 74.0 27.0 66.0 26.0 20.0 17.0 31.0 63.0 17.0 23.0 60.0 33.0 24.0 17.0 25.0 73.0 34.0 34.0 64.0 69.0 72.0 24.0 52.0 0.0 66.0 26.0 46.0 54.0 0.0 71.0 84.0 81.0 69.0 46.0 57.0 74.0 78.0 47.0 45.0 58.0 44.0 25.0 73.0 91.0 10.0 17.0 45.0 43.0 38.0 66.0 0.0 71.0 62.0 50.0 71.0 0.0 25.0 22.0 7.0 51.0 40.0 48.0 37.0 53.0 29.0 16.0 29.0 85.0 9.0 21.0 73.0 67.0 60.0 35.0 70.0 26.0 71.0 0.0 
12 4 
14 31 78 74 25 75 75 25 98 34 94 34 69 22 25 29 80 64 98 66 48 1 71 77 62 50 71 40 61 50 33 98 70 18 93 15 31 82 18 60 16 31 63 57 58 92 85 48 25 75 75 25 