2 20 2 2 3 157 65 314 125 10 21
43 16 37 17 
4 0 0 5 3 0 1 0 5 0 1 1 0 2 0 3 1 0 5 0 4 0 1 0 4 0 0 2 5 0 2 5 5 4 0 3 3 4 2 0 
1 1 0 0 1 1 1 0 0 0 1 1 0 1 0 1 1 0 0 0 
1 1 1 1 1 1 1 1 1 1 1 1 1 1 1 1 1 1 1 1 1 1 1 1 1 1 1 1 1 1 1 1 1 1 1 1 1 1 1 1 1 1 1 1 1 1 1 1 1 1 1 1 1 1 1 1 1 1 1 1 1 1 1 1 1 1 1 1 1 1 1 1 1 1 1 1 1 1 1 1 1 1 1 1 1 1 1 1 1 1 1 1 1 1 1 1 1 1 1 1 1 1 1 1 1 1 1 1 1 1 1 1 1 1 1 1 1 1 1 1 1 1 1 1 1 1 1 1 1 1 1 1 1 1 1 1 1 1 1 1 1 1 1 1 1 1 1 1 1 1 1 1 1 1 1 1 1 1 1 1 1 1 1 1 1 1 1 1 1 1 1 1 1 1 1 1 1 1 1 1 1 1 1 1 1 1 1 1 1 1 1 1 1 1 1 1 1 1 1 1 
9 10 0 0 0 0 8 9 2 6 0 0 10 10 0 0 6 7 0 0 6 7 5 10 0 0 4 6 0 0 9 10 1 10 0 0 1 3 0 0 7 8 0 0 2 5 0 0 5 6 0 0 0 0 7 8 5 5 0 0 7 10 5 9 6 9 9 10 0 0 6 9 10 10 4 5 3 3 0 0 
7 1 
0.0 66.0 73.0 51.0 13.0 44.0 73.0 46.0 82.0 90.0 12.0 55.0 61.0 65.0 68.0 55.0 51.0 40.0 83.0 61.0 97.0 82.0 72.0 28.0 73.0 51.0 66.0 0.0 13.0 73.0 58.0 24.0 46.0 31.0 74.0 39.0 55.0 71.0 8.0 43.0 31.0 92.0 21.0 33.0 67.0 13.0 82.0 19.0 101.0 75.0 13.0 73.0 73.0 13.0 0.0 71.0 63.0 33.0 38.0 32.0 67.0 27.0 63.0 69.0 20.0 36.0 23.0 92.0 23.0 36.0 58.0 13.0 73.0 10.0 98.0 78.0 0.0 71.0 51.0 73.0 71.0 0.0 41.0 64.0 44.0 43.0 36.0 73.0 53.0 6.0 73.0 40.0 52.0 23.0 53.0 42.0 42.0 61.0 51.0 79.0 29.0 29.0 71.0 0.0 13.0 58.0 63.0 41.0 0.0 39.0 60.0 35.0 70.0 79.0 12.0 44.0 54.0 53.0 56.0 48.0 41.0 30.0 71.0 51.0 85.0 73.0 65.0 22.0 63.0 41.0 44.0 24.0 33.0 64.0 39.0 0.0 54.0 26.0 77.0 57.0 33.0 64.0 18.0 48.0 40.0 80.0 20.0 24.0 72.0 24.0 88.0 41.0 92.0 58.0 33.0 64.0 73.0 46.0 38.0 44.0 60.0 54.0 0.0 31.0 29.0 29.0 67.0 40.0 51.0 8.0 17.0 67.0 35.0 36.0 21.0 35.0 36.0 43.0 67.0 64.0 38.0 44.0 46.0 31.0 32.0 43.0 35.0 26.0 31.0 0.0 52.0 45.0 38.0 41.0 31.0 24.0 23.0 62.0 10.0 6.0 48.0 20.0 63.0 41.0 71.0 47.0 32.0 43.0 82.0 74.0 67.0 36.0 70.0 77.0 29.0 52.0 0.0 55.0 80.0 31.0 78.0 32.0 45.0 55.0 59.0 55.0 11.0 62.0 16.0 71.0 48.0 64.0 67.0 36.0 90.0 39.0 27.0 73.0 79.0 57.0 29.0 45.0 55.0 0.0 82.0 68.0 46.0 33.0 23.0 95.0 41.0 50.0 44.0 34.0 55.0 25.0 96.0 88.0 27.0 73.0 12.0 55.0 63.0 53.0 12.0 33.0 67.0 38.0 80.0 82.0 0.0 55.0 50.0 59.0 60.0 60.0 41.0 32.0 79.0 51.0 94.0 72.0 77.0 34.0 63.0 53.0 55.0 71.0 69.0 6.0 44.0 64.0 40.0 41.0 31.0 68.0 55.0 0.0 72.0 36.0 49.0 27.0 51.0 41.0 37.0 59.0 47.0 76.0 30.0 33.0 69.0 6.0 61.0 8.0 20.0 73.0 54.0 18.0 51.0 31.0 78.0 46.0 50.0 72.0 0.0 46.0 35.0 92.0 21.0 32.0 71.0 17.0 86.0 26.0 101.0 73.0 20.0 73.0 65.0 43.0 36.0 40.0 53.0 48.0 8.0 24.0 32.0 33.0 59.0 36.0 46.0 0.0 14.0 63.0 29.0 29.0 25.0 31.0 41.0 42.0 65.0 58.0 36.0 40.0 68.0 31.0 23.0 52.0 56.0 40.0 17.0 23.0 45.0 23.0 60.0 49.0 35.0 14.0 0.0 74.0 22.0 28.0 37.0 19.0 52.0 29.0 78.0 65.0 23.0 52.0 55.0 92.0 92.0 23.0 48.0 80.0 67.0 62.0 55.0 95.0 60.0 27.0 92.0 63.0 74.0 0.0 72.0 60.0 63.0 81.0 69.0 100.0 19.0 27.0 92.0 23.0 51.0 21.0 23.0 53.0 41.0 20.0 35.0 10.0 59.0 41.0 41.0 51.0 21.0 29.0 22.0 72.0 0.0 13.0 53.0 11.0 69.0 33.0 81.0 56.0 23.0 53.0 40.0 33.0 36.0 42.0 30.0 24.0 36.0 6.0 55.0 50.0 32.0 41.0 32.0 29.0 28.0 60.0 13.0 0.0 51.0 23.0 67.0 45.0 70.0 43.0 36.0 42.0 83.0 67.0 58.0 42.0 71.0 72.0 21.0 48.0 11.0 44.0 79.0 37.0 71.0 25.0 37.0 63.0 53.0 51.0 0.0 55.0 16.0 62.0 57.0 68.0 58.0 42.0 61.0 13.0 13.0 61.0 51.0 24.0 35.0 20.0 62.0 34.0 51.0 59.0 17.0 31.0 19.0 81.0 11.0 23.0 55.0 0.0 70.0 22.0 89.0 66.0 13.0 61.0 97.0 82.0 73.0 51.0 85.0 88.0 36.0 63.0 16.0 55.0 94.0 47.0 86.0 41.0 52.0 69.0 69.0 67.0 16.0 70.0 0.0 76.0 60.0 79.0 73.0 51.0 82.0 19.0 10.0 79.0 73.0 41.0 43.0 41.0 71.0 25.0 72.0 76.0 26.0 42.0 29.0 100.0 33.0 45.0 62.0 22.0 76.0 0.0 106.0 87.0 10.0 79.0 72.0 101.0 98.0 29.0 65.0 92.0 67.0 71.0 48.0 96.0 77.0 30.0 101.0 65.0 78.0 19.0 81.0 70.0 57.0 89.0 60.0 106.0 0.0 45.0 98.0 29.0 28.0 75.0 78.0 29.0 22.0 58.0 64.0 47.0 64.0 88.0 34.0 33.0 73.0 58.0 65.0 27.0 56.0 43.0 68.0 66.0 79.0 87.0 45.0 0.0 78.0 29.0 73.0 13.0 0.0 71.0 63.0 33.0 38.0 32.0 67.0 27.0 63.0 69.0 20.0 36.0 23.0 92.0 23.0 36.0 58.0 13.0 73.0 10.0 98.0 78.0 0.0 71.0 51.0 73.0 71.0 0.0 41.0 64.0 44.0 43.0 36.0 73.0 53.0 6.0 73.0 40.0 52.0 23.0 53.0 42.0 42.0 61.0 51.0 79.0 29.0 29.0 71.0 0.0 
12 8 
29 3 16 67 25 75 75 25 36 13 14 44 62 67 39 47 89 58 46 91 24 13 76 30 12 61 58 61 46 68 83 4 31 53 37 42 82 66 28 63 97 71 23 84 100 12 56 4 25 75 75 25 