2 20 2 2 3 145 65 289 125 10 21
32 21 39 23 
1 1 2 3 2 2 2 0 4 0 1 0 5 5 0 5 0 3 0 1 2 0 4 0 3 0 3 0 2 0 0 4 0 2 5 0 5 0 0 1 
0 1 0 0 0 0 0 1 0 0 1 1 1 0 0 1 1 1 1 1 
1 1 1 1 1 1 1 1 1 1 1 1 1 1 1 1 1 1 1 1 1 1 1 1 1 1 1 1 1 1 1 1 1 1 1 1 1 1 1 1 1 1 1 1 1 1 1 1 1 1 1 1 1 1 1 1 1 1 1 1 1 1 1 1 1 1 1 1 1 1 1 1 1 1 1 1 1 1 1 1 1 1 1 1 1 1 1 1 1 1 1 1 1 1 1 1 1 1 1 1 1 1 1 1 1 1 1 1 1 1 1 1 1 1 1 1 1 1 1 1 1 1 1 1 1 1 1 1 1 1 1 1 1 1 1 1 1 1 1 1 1 1 1 1 1 1 1 1 1 1 1 1 1 1 1 1 1 1 1 1 1 1 1 1 1 1 1 1 1 1 1 1 1 1 1 1 1 1 1 1 1 1 1 1 1 1 1 1 1 1 1 1 1 1 1 1 1 1 1 1 
7 10 4 7 1 4 5 6 2 6 5 7 2 8 0 0 8 10 0 0 3 9 0 0 9 10 6 7 0 0 1 3 0 0 6 10 0 0 4 7 6 8 0 0 2 5 0 0 5 8 0 0 5 8 0 0 6 7 0 0 0 0 2 5 0 0 10 10 3 10 0 0 6 9 0 0 0 0 3 5 
6 2 
0.0 13.0 55.0 45.0 16.0 63.0 79.0 66.0 35.0 14.0 24.0 62.0 57.0 46.0 41.0 53.0 67.0 56.0 29.0 86.0 81.0 75.0 20.0 72.0 55.0 45.0 13.0 0.0 57.0 57.0 25.0 64.0 90.0 78.0 38.0 27.0 27.0 61.0 64.0 57.0 50.0 56.0 77.0 67.0 19.0 95.0 80.0 83.0 11.0 77.0 57.0 57.0 55.0 57.0 0.0 71.0 43.0 10.0 65.0 92.0 21.0 58.0 32.0 16.0 24.0 85.0 36.0 6.0 49.0 83.0 52.0 58.0 30.0 46.0 50.0 28.0 0.0 71.0 45.0 57.0 71.0 0.0 39.0 81.0 51.0 23.0 56.0 31.0 50.0 85.0 57.0 20.0 36.0 66.0 49.0 13.0 73.0 67.0 100.0 60.0 64.0 71.0 71.0 0.0 16.0 25.0 43.0 39.0 0.0 52.0 65.0 61.0 23.0 16.0 13.0 53.0 42.0 47.0 25.0 39.0 52.0 51.0 36.0 70.0 71.0 59.0 28.0 56.0 43.0 39.0 63.0 64.0 10.0 81.0 52.0 0.0 72.0 102.0 29.0 67.0 40.0 9.0 32.0 95.0 46.0 15.0 56.0 93.0 57.0 63.0 20.0 53.0 56.0 32.0 10.0 81.0 79.0 90.0 65.0 51.0 65.0 72.0 0.0 58.0 64.0 69.0 68.0 80.0 41.0 70.0 41.0 60.0 17.0 56.0 98.0 20.0 86.0 22.0 91.0 45.0 65.0 51.0 66.0 78.0 92.0 23.0 61.0 102.0 58.0 0.0 78.0 52.0 73.0 107.0 75.0 25.0 56.0 87.0 61.0 11.0 94.0 76.0 121.0 72.0 85.0 88.0 92.0 23.0 35.0 38.0 21.0 56.0 23.0 29.0 64.0 78.0 0.0 39.0 12.0 30.0 29.0 68.0 27.0 19.0 49.0 69.0 37.0 64.0 48.0 52.0 33.0 41.0 21.0 56.0 14.0 27.0 58.0 31.0 16.0 67.0 69.0 52.0 39.0 0.0 29.0 68.0 55.0 33.0 35.0 55.0 60.0 42.0 43.0 79.0 86.0 68.0 34.0 70.0 58.0 31.0 24.0 27.0 32.0 50.0 13.0 40.0 68.0 73.0 12.0 29.0 0.0 40.0 37.0 59.0 27.0 30.0 53.0 63.0 31.0 70.0 59.0 58.0 25.0 50.0 32.0 50.0 62.0 61.0 16.0 85.0 53.0 9.0 80.0 107.0 30.0 68.0 40.0 0.0 40.0 98.0 51.0 21.0 64.0 97.0 52.0 72.0 20.0 61.0 53.0 40.0 16.0 85.0 57.0 64.0 24.0 57.0 42.0 32.0 41.0 75.0 29.0 55.0 37.0 40.0 0.0 74.0 22.0 20.0 25.0 68.0 66.0 35.0 48.0 23.0 61.0 16.0 24.0 57.0 46.0 57.0 85.0 20.0 47.0 95.0 70.0 25.0 68.0 33.0 59.0 98.0 74.0 0.0 52.0 81.0 68.0 18.0 75.0 86.0 114.0 79.0 66.0 88.0 85.0 20.0 41.0 50.0 36.0 36.0 25.0 46.0 41.0 56.0 27.0 35.0 27.0 51.0 22.0 52.0 0.0 31.0 27.0 48.0 58.0 46.0 65.0 34.0 50.0 37.0 36.0 36.0 53.0 56.0 6.0 66.0 39.0 15.0 60.0 87.0 19.0 55.0 30.0 21.0 20.0 81.0 31.0 0.0 43.0 78.0 53.0 54.0 34.0 42.0 50.0 25.0 6.0 66.0 67.0 77.0 49.0 49.0 52.0 56.0 17.0 61.0 49.0 60.0 53.0 64.0 25.0 68.0 27.0 43.0 0.0 56.0 84.0 20.0 71.0 12.0 77.0 31.0 49.0 49.0 56.0 67.0 83.0 13.0 51.0 93.0 56.0 11.0 69.0 42.0 63.0 97.0 68.0 18.0 48.0 78.0 56.0 0.0 84.0 73.0 112.0 67.0 75.0 81.0 83.0 13.0 29.0 19.0 52.0 73.0 36.0 57.0 98.0 94.0 37.0 43.0 31.0 52.0 66.0 75.0 58.0 53.0 84.0 84.0 0.0 100.0 71.0 88.0 10.0 77.0 52.0 73.0 86.0 95.0 58.0 67.0 70.0 63.0 20.0 76.0 64.0 79.0 70.0 72.0 35.0 86.0 46.0 54.0 20.0 73.0 100.0 0.0 74.0 13.0 94.0 33.0 58.0 67.0 81.0 80.0 30.0 100.0 71.0 20.0 86.0 121.0 48.0 86.0 59.0 20.0 48.0 114.0 65.0 34.0 71.0 112.0 71.0 74.0 0.0 65.0 72.0 42.0 30.0 100.0 75.0 83.0 46.0 60.0 59.0 53.0 22.0 72.0 52.0 68.0 58.0 61.0 23.0 79.0 34.0 42.0 12.0 67.0 88.0 13.0 65.0 0.0 82.0 23.0 46.0 60.0 20.0 11.0 50.0 64.0 28.0 56.0 91.0 85.0 33.0 34.0 25.0 53.0 61.0 66.0 50.0 50.0 77.0 75.0 10.0 94.0 72.0 82.0 0.0 73.0 50.0 64.0 72.0 77.0 28.0 71.0 56.0 32.0 45.0 88.0 41.0 70.0 50.0 40.0 16.0 88.0 37.0 25.0 31.0 81.0 77.0 33.0 42.0 23.0 73.0 0.0 28.0 71.0 55.0 57.0 0.0 71.0 43.0 10.0 65.0 92.0 21.0 58.0 32.0 16.0 24.0 85.0 36.0 6.0 49.0 83.0 52.0 58.0 30.0 46.0 50.0 28.0 0.0 71.0 45.0 57.0 71.0 0.0 39.0 81.0 51.0 23.0 56.0 31.0 50.0 85.0 57.0 20.0 36.0 66.0 49.0 13.0 73.0 67.0 100.0 60.0 64.0 71.0 71.0 0.0 
13 7 
79 69 81 81 25 75 75 25 65 62 18 82 26 11 83 4 45 72 79 55 56 71 21 90 25 51 94 26 46 46 27 70 27 27 81 14 72 97 9 20 2 93 16 30 73 88 10 52 25 75 75 25 