6 10 2 4 3 137 125 273 250 5 11
3 14 0 0 1 16 0 0 2 10 0 0 0 0 19 15 0 0 19 9 0 0 18 8 
0 0 2 0 0 3 4 4 0 1 0 0 0 5 3 0 0 0 0 5 1 5 4 2 0 2 5 5 2 1 0 0 0 4 0 0 0 0 1 1 
0 0 1 1 0 0 1 0 0 1 1 0 1 1 1 1 1 0 0 1 1 1 0 0 0 1 0 0 1 1 
1 1 1 1 1 1 1 1 1 1 1 1 1 1 1 1 1 1 1 1 1 1 1 1 1 1 1 1 1 1 1 1 1 1 1 1 1 1 1 1 1 1 1 1 1 1 1 1 1 1 
0 0 0 0 2 3 0 0 0 0 1 3 1 5 3 4 0 0 4 5 0 0 0 0 0 0 3 5 4 5 0 0 0 0 0 0 0 0 2 2 3 5 2 2 3 4 4 5 0 0 2 5 3 4 1 5 4 5 2 4 0 0 0 0 0 0 3 4 0 0 0 0 0 0 0 0 3 3 1 4 
2 3 2 2 
0.0 57.0 54.0 25.0 33.0 55.0 68.0 34.0 46.0 29.0 73.0 78.0 65.0 57.0 68.0 77.0 35.0 27.0 68.0 34.0 57.0 0.0 13.0 34.0 31.0 89.0 12.0 60.0 67.0 68.0 67.0 27.0 54.0 6.0 67.0 29.0 24.0 45.0 12.0 60.0 54.0 13.0 0.0 29.0 24.0 93.0 17.0 63.0 72.0 60.0 77.0 25.0 64.0 8.0 76.0 42.0 27.0 37.0 17.0 63.0 25.0 34.0 29.0 0.0 9.0 72.0 44.0 44.0 56.0 35.0 72.0 54.0 61.0 34.0 69.0 59.0 20.0 15.0 44.0 44.0 33.0 31.0 24.0 9.0 0.0 80.0 39.0 52.0 63.0 37.0 77.0 47.0 66.0 30.0 75.0 58.0 23.0 14.0 39.0 52.0 55.0 89.0 93.0 72.0 80.0 0.0 100.0 30.0 25.0 81.0 53.0 116.0 56.0 92.0 47.0 92.0 67.0 80.0 100.0 30.0 68.0 12.0 17.0 44.0 39.0 100.0 0.0 71.0 78.0 76.0 75.0 17.0 62.0 11.0 75.0 30.0 36.0 53.0 0.0 71.0 34.0 60.0 63.0 44.0 52.0 30.0 71.0 0.0 13.0 62.0 42.0 86.0 39.0 63.0 37.0 67.0 37.0 55.0 71.0 0.0 46.0 67.0 72.0 56.0 63.0 25.0 78.0 13.0 0.0 74.0 33.0 94.0 34.0 70.0 27.0 68.0 46.0 67.0 78.0 13.0 29.0 68.0 60.0 35.0 37.0 81.0 76.0 62.0 74.0 0.0 100.0 81.0 91.0 66.0 95.0 94.0 53.0 24.0 76.0 62.0 73.0 67.0 77.0 72.0 77.0 53.0 75.0 42.0 33.0 100.0 0.0 92.0 14.0 72.0 7.0 54.0 55.0 86.0 75.0 42.0 78.0 27.0 25.0 54.0 47.0 116.0 17.0 86.0 94.0 81.0 92.0 0.0 79.0 24.0 92.0 44.0 50.0 59.0 17.0 86.0 65.0 54.0 64.0 61.0 66.0 56.0 62.0 39.0 34.0 91.0 14.0 79.0 0.0 59.0 15.0 42.0 44.0 75.0 62.0 39.0 57.0 6.0 8.0 34.0 30.0 92.0 11.0 63.0 70.0 66.0 72.0 24.0 59.0 0.0 71.0 34.0 27.0 43.0 11.0 63.0 68.0 67.0 76.0 69.0 75.0 47.0 75.0 37.0 27.0 95.0 7.0 92.0 15.0 71.0 0.0 56.0 53.0 83.0 75.0 37.0 77.0 29.0 42.0 59.0 58.0 92.0 30.0 67.0 68.0 94.0 54.0 44.0 42.0 34.0 56.0 0.0 42.0 72.0 30.0 67.0 35.0 24.0 27.0 20.0 23.0 67.0 36.0 37.0 46.0 53.0 55.0 50.0 44.0 27.0 53.0 42.0 0.0 34.0 36.0 37.0 27.0 45.0 37.0 15.0 14.0 80.0 53.0 55.0 67.0 24.0 86.0 59.0 75.0 43.0 83.0 72.0 34.0 0.0 53.0 55.0 68.0 12.0 17.0 44.0 39.0 100.0 0.0 71.0 78.0 76.0 75.0 17.0 62.0 11.0 75.0 30.0 36.0 53.0 0.0 71.0 34.0 60.0 63.0 44.0 52.0 30.0 71.0 0.0 13.0 62.0 42.0 86.0 39.0 63.0 37.0 67.0 37.0 55.0 71.0 0.0 
8 8 4 11 
45 11 32 66 22 59 32 32 25 36 99 8 25 75 75 25 87 29 19 0 98 60 9 80 85 62 27 65 97 54 52 87 45 46 21 23 25 75 75 25 