6 10 2 4 3 238 125 475 250 5 11
7 17 0 0 7 12 0 0 6 10 0 0 0 0 9 35 0 0 6 24 0 0 7 26 
1 0 0 0 0 4 0 5 1 1 2 4 0 0 0 5 5 0 0 4 5 0 0 3 0 5 0 5 5 0 0 0 0 4 4 5 0 3 5 5 
1 0 1 1 0 0 0 0 1 0 1 0 1 1 1 0 0 1 1 0 1 0 0 0 0 1 0 0 0 0 
1 1 1 1 1 1 1 1 1 1 1 1 1 1 1 1 1 1 1 1 1 1 1 1 1 1 1 1 1 1 1 1 1 1 1 1 1 1 1 1 1 1 1 1 1 1 1 1 1 1 
5 5 0 0 0 0 0 0 0 0 3 5 0 0 3 4 1 3 2 4 4 5 4 5 0 0 0 0 0 0 2 5 3 5 0 0 0 0 4 5 4 5 0 0 0 0 4 5 0 0 2 2 0 0 3 3 1 2 0 0 0 0 0 0 0 0 4 5 1 1 3 5 0 0 1 2 3 4 4 4 
4 1 1 4 
0.0 4.0 36.0 28.0 25.0 38.0 51.0 31.0 67.0 46.0 77.0 21.0 32.0 37.0 28.0 32.0 41.0 36.0 51.0 31.0 4.0 0.0 32.0 25.0 29.0 37.0 47.0 32.0 63.0 42.0 74.0 22.0 28.0 39.0 24.0 35.0 37.0 32.0 47.0 32.0 36.0 32.0 0.0 15.0 60.0 28.0 35.0 42.0 33.0 11.0 43.0 38.0 22.0 66.0 13.0 66.0 6.0 7.0 35.0 42.0 28.0 25.0 15.0 0.0 52.0 16.0 47.0 27.0 40.0 24.0 52.0 25.0 30.0 63.0 21.0 59.0 21.0 20.0 47.0 27.0 25.0 29.0 60.0 52.0 0.0 59.0 69.0 45.0 91.0 71.0 102.0 36.0 53.0 25.0 52.0 8.0 66.0 60.0 69.0 45.0 38.0 37.0 28.0 16.0 59.0 0.0 62.0 21.0 41.0 34.0 53.0 25.0 46.0 74.0 37.0 67.0 32.0 34.0 62.0 21.0 51.0 47.0 35.0 47.0 69.0 62.0 0.0 71.0 56.0 36.0 59.0 65.0 20.0 61.0 27.0 73.0 33.0 29.0 0.0 71.0 31.0 32.0 42.0 27.0 45.0 21.0 71.0 0.0 62.0 50.0 74.0 10.0 52.0 65.0 44.0 52.0 47.0 46.0 71.0 0.0 67.0 63.0 33.0 40.0 91.0 41.0 56.0 62.0 0.0 24.0 12.0 63.0 51.0 98.0 45.0 98.0 29.0 36.0 56.0 62.0 46.0 42.0 11.0 24.0 71.0 34.0 36.0 50.0 24.0 0.0 33.0 48.0 28.0 75.0 22.0 77.0 5.0 13.0 36.0 50.0 77.0 74.0 43.0 52.0 102.0 53.0 59.0 74.0 12.0 33.0 0.0 75.0 59.0 107.0 54.0 108.0 38.0 45.0 59.0 74.0 21.0 22.0 38.0 25.0 36.0 25.0 65.0 10.0 63.0 48.0 75.0 0.0 45.0 55.0 38.0 44.0 44.0 42.0 65.0 10.0 32.0 28.0 22.0 30.0 53.0 46.0 20.0 52.0 51.0 28.0 59.0 45.0 0.0 50.0 10.0 57.0 23.0 16.0 20.0 52.0 37.0 39.0 66.0 63.0 25.0 74.0 61.0 65.0 98.0 75.0 107.0 55.0 50.0 0.0 54.0 22.0 70.0 63.0 61.0 65.0 28.0 24.0 13.0 21.0 52.0 37.0 27.0 44.0 45.0 22.0 54.0 38.0 10.0 54.0 0.0 57.0 17.0 10.0 27.0 44.0 32.0 35.0 66.0 59.0 8.0 67.0 73.0 52.0 98.0 77.0 108.0 44.0 57.0 22.0 57.0 0.0 72.0 66.0 73.0 52.0 41.0 37.0 6.0 21.0 66.0 32.0 33.0 47.0 29.0 5.0 38.0 44.0 23.0 70.0 17.0 72.0 0.0 8.0 33.0 47.0 36.0 32.0 7.0 20.0 60.0 34.0 29.0 46.0 36.0 13.0 45.0 42.0 16.0 63.0 10.0 66.0 8.0 0.0 29.0 46.0 51.0 47.0 35.0 47.0 69.0 62.0 0.0 71.0 56.0 36.0 59.0 65.0 20.0 61.0 27.0 73.0 33.0 29.0 0.0 71.0 31.0 32.0 42.0 27.0 45.0 21.0 71.0 0.0 62.0 50.0 74.0 10.0 52.0 65.0 44.0 52.0 47.0 46.0 71.0 0.0 
1 12 6 14 
45 29 45 33 57 62 64 49 34 7 79 45 25 75 75 25 79 86 60 72 79 98 65 25 36 59 11 16 45 57 28 3 57 68 51 64 25 75 75 25 