6 10 2 4 3 125 125 250 250 5 11
5 5 0 0 4 5 0 0 11 5 0 0 0 0 8 6 0 0 8 6 0 0 6 13 
0 0 5 0 0 0 4 0 0 3 0 0 2 0 0 2 3 4 1 4 0 0 0 1 0 0 0 1 3 0 0 0 3 0 1 4 0 0 0 4 
1 0 0 1 1 0 1 1 1 1 0 1 1 1 0 1 1 1 0 1 1 0 1 1 1 0 0 1 0 1 
1 1 1 1 1 1 1 1 1 1 1 1 1 1 1 1 1 1 1 1 1 1 1 1 1 1 1 1 1 1 1 1 1 1 1 1 1 1 1 1 1 1 1 1 1 1 1 1 1 1 
0 0 0 0 2 4 0 0 0 0 0 0 3 4 0 0 0 0 3 5 0 0 0 0 4 4 0 0 0 0 3 5 2 3 2 3 2 2 3 3 0 0 0 0 0 0 3 5 0 0 0 0 0 0 5 5 3 4 0 0 0 0 0 0 3 4 0 0 3 4 4 5 0 0 0 0 0 0 4 5 
3 4 1 1 
0.0 49.0 75.0 15.0 56.0 34.0 31.0 52.0 58.0 31.0 41.0 74.0 40.0 62.0 59.0 50.0 44.0 46.0 31.0 52.0 49.0 0.0 60.0 58.0 91.0 39.0 68.0 4.0 80.0 31.0 76.0 37.0 85.0 36.0 21.0 88.0 38.0 22.0 68.0 4.0 75.0 60.0 0.0 71.0 75.0 42.0 68.0 60.0 52.0 81.0 68.0 34.0 89.0 25.0 41.0 78.0 93.0 40.0 68.0 60.0 15.0 58.0 71.0 0.0 42.0 32.0 16.0 61.0 46.0 44.0 26.0 76.0 28.0 63.0 63.0 36.0 58.0 49.0 16.0 61.0 56.0 91.0 75.0 42.0 0.0 54.0 26.0 94.0 24.0 84.0 16.0 95.0 29.0 80.0 88.0 9.0 99.0 74.0 26.0 94.0 34.0 39.0 42.0 32.0 54.0 0.0 35.0 41.0 41.0 45.0 40.0 46.0 55.0 32.0 35.0 53.0 59.0 21.0 35.0 41.0 31.0 68.0 68.0 16.0 26.0 35.0 0.0 71.0 32.0 59.0 10.0 80.0 22.0 65.0 69.0 21.0 74.0 55.0 0.0 71.0 52.0 4.0 60.0 61.0 94.0 41.0 71.0 0.0 82.0 34.0 79.0 35.0 89.0 36.0 20.0 91.0 40.0 24.0 71.0 0.0 58.0 80.0 52.0 46.0 24.0 41.0 32.0 82.0 0.0 82.0 25.0 76.0 47.0 61.0 72.0 30.0 97.0 60.0 32.0 82.0 31.0 31.0 81.0 44.0 84.0 45.0 59.0 34.0 82.0 0.0 69.0 66.0 70.0 60.0 49.0 79.0 15.0 42.0 59.0 34.0 41.0 76.0 68.0 26.0 16.0 40.0 10.0 79.0 25.0 69.0 0.0 84.0 23.0 68.0 74.0 13.0 83.0 60.0 10.0 79.0 74.0 37.0 34.0 76.0 95.0 46.0 80.0 35.0 76.0 66.0 84.0 0.0 100.0 16.0 17.0 96.0 74.0 29.0 80.0 35.0 40.0 85.0 89.0 28.0 29.0 55.0 22.0 89.0 47.0 70.0 23.0 100.0 0.0 86.0 89.0 20.0 83.0 74.0 22.0 89.0 62.0 36.0 25.0 63.0 80.0 32.0 65.0 36.0 61.0 60.0 68.0 16.0 86.0 0.0 17.0 81.0 71.0 19.0 65.0 36.0 59.0 21.0 41.0 63.0 88.0 35.0 69.0 20.0 72.0 49.0 74.0 17.0 89.0 17.0 0.0 87.0 58.0 15.0 69.0 20.0 50.0 88.0 78.0 36.0 9.0 53.0 21.0 91.0 30.0 79.0 13.0 96.0 20.0 81.0 87.0 0.0 94.0 73.0 21.0 91.0 44.0 38.0 93.0 58.0 99.0 59.0 74.0 40.0 97.0 15.0 83.0 74.0 83.0 71.0 58.0 94.0 0.0 54.0 74.0 40.0 46.0 22.0 40.0 49.0 74.0 21.0 55.0 24.0 60.0 42.0 60.0 29.0 74.0 19.0 15.0 73.0 54.0 0.0 55.0 24.0 31.0 68.0 68.0 16.0 26.0 35.0 0.0 71.0 32.0 59.0 10.0 80.0 22.0 65.0 69.0 21.0 74.0 55.0 0.0 71.0 52.0 4.0 60.0 61.0 94.0 41.0 71.0 0.0 82.0 34.0 79.0 35.0 89.0 36.0 20.0 91.0 40.0 24.0 71.0 0.0 
7 13 8 10 
55 73 74 28 18 8 41 75 0 80 39 44 25 75 75 25 0 56 81 58 15 75 51 0 23 96 42 13 58 15 7 85 96 58 52 28 25 75 75 25 