6 10 2 4 3 183 125 365 250 5 11
8 5 0 0 9 5 0 0 12 4 0 0 0 0 19 20 0 0 22 10 0 0 19 13 
5 4 1 3 0 0 4 0 4 0 3 4 0 1 2 5 0 0 0 3 2 0 5 5 3 2 1 0 0 0 0 5 0 0 1 0 0 1 5 4 
1 1 0 1 0 1 0 1 0 0 0 0 1 0 0 0 0 1 1 1 1 1 0 1 0 0 1 1 1 1 
1 1 1 1 1 1 1 1 1 1 1 1 1 1 1 1 1 1 1 1 1 1 1 1 1 1 1 1 1 1 1 1 1 1 1 1 1 1 1 1 1 1 1 1 1 1 1 1 1 1 
5 5 1 1 4 5 4 4 0 0 0 0 2 5 0 0 4 5 0 0 5 5 2 3 0 0 4 5 4 5 5 5 0 0 0 0 0 0 4 5 5 5 0 0 1 2 3 4 2 3 4 5 3 4 0 0 0 0 0 0 0 0 5 5 0 0 0 0 3 4 0 0 0 0 2 3 4 5 2 3 
4 2 3 5 
0.0 95.0 94.0 27.0 5.0 95.0 53.0 76.0 85.0 83.0 77.0 31.0 95.0 35.0 93.0 39.0 23.0 101.0 53.0 76.0 95.0 0.0 74.0 100.0 92.0 72.0 48.0 70.0 30.0 31.0 70.0 66.0 33.0 61.0 17.0 96.0 86.0 71.0 48.0 70.0 94.0 74.0 0.0 78.0 90.0 3.0 85.0 18.0 45.0 43.0 17.0 84.0 43.0 69.0 58.0 65.0 73.0 10.0 85.0 18.0 27.0 100.0 78.0 0.0 24.0 80.0 67.0 61.0 83.0 80.0 62.0 48.0 91.0 41.0 93.0 15.0 14.0 86.0 67.0 61.0 5.0 92.0 90.0 24.0 0.0 91.0 52.0 72.0 82.0 80.0 73.0 31.0 91.0 33.0 90.0 35.0 19.0 97.0 52.0 72.0 95.0 72.0 3.0 80.0 91.0 0.0 85.0 20.0 43.0 42.0 19.0 85.0 41.0 69.0 56.0 67.0 74.0 8.0 85.0 20.0 53.0 48.0 85.0 67.0 52.0 85.0 0.0 71.0 52.0 52.0 72.0 22.0 62.0 28.0 53.0 70.0 54.0 87.0 0.0 71.0 76.0 70.0 18.0 61.0 72.0 20.0 71.0 0.0 42.0 39.0 1.0 68.0 44.0 52.0 56.0 48.0 55.0 26.0 71.0 0.0 85.0 30.0 45.0 83.0 82.0 43.0 52.0 42.0 0.0 3.0 41.0 62.0 11.0 51.0 15.0 75.0 71.0 43.0 52.0 42.0 83.0 31.0 43.0 80.0 80.0 42.0 52.0 39.0 3.0 0.0 40.0 61.0 12.0 49.0 17.0 73.0 69.0 42.0 52.0 39.0 77.0 70.0 17.0 62.0 73.0 19.0 72.0 1.0 41.0 40.0 0.0 69.0 44.0 53.0 56.0 49.0 56.0 25.0 72.0 1.0 31.0 66.0 84.0 48.0 31.0 85.0 22.0 68.0 62.0 61.0 69.0 0.0 72.0 17.0 67.0 53.0 35.0 89.0 22.0 68.0 95.0 33.0 43.0 91.0 91.0 41.0 62.0 44.0 11.0 12.0 44.0 72.0 0.0 61.0 16.0 83.0 80.0 39.0 62.0 44.0 35.0 61.0 69.0 41.0 33.0 69.0 28.0 52.0 51.0 49.0 53.0 17.0 61.0 0.0 58.0 43.0 28.0 74.0 28.0 52.0 93.0 17.0 58.0 93.0 90.0 56.0 53.0 56.0 15.0 17.0 56.0 67.0 16.0 58.0 0.0 88.0 81.0 55.0 53.0 56.0 39.0 96.0 65.0 15.0 35.0 67.0 70.0 48.0 75.0 73.0 49.0 53.0 83.0 43.0 88.0 0.0 19.0 74.0 70.0 48.0 23.0 86.0 73.0 14.0 19.0 74.0 54.0 55.0 71.0 69.0 56.0 35.0 80.0 28.0 81.0 19.0 0.0 80.0 54.0 55.0 101.0 71.0 10.0 86.0 97.0 8.0 87.0 26.0 43.0 42.0 25.0 89.0 39.0 74.0 55.0 74.0 80.0 0.0 87.0 26.0 53.0 48.0 85.0 67.0 52.0 85.0 0.0 71.0 52.0 52.0 72.0 22.0 62.0 28.0 53.0 70.0 54.0 87.0 0.0 71.0 76.0 70.0 18.0 61.0 72.0 20.0 71.0 0.0 42.0 39.0 1.0 68.0 44.0 52.0 56.0 48.0 55.0 26.0 71.0 0.0 
7 8 11 7 
0 29 68 94 93 25 17 9 4 28 94 27 25 75 75 25 76 66 75 64 76 25 15 56 86 67 29 48 77 80 31 6 21 22 100 31 25 75 75 25 