4 10 1 4 3 207 65 414 125 10 10
26 15 0 0 21 10 0 0 0 0 7 2 0 0 10 3 
2 0 4 0 0 3 0 1 4 1 0 0 0 0 4 0 5 1 1 2 4 0 0 0 5 5 0 0 4 5 0 0 3 0 5 0 5 5 0 0 
1 1 1 0 1 0 1 0 0 0 1 0 1 0 0 0 1 0 0 1 1 1 0 0 1 1 0 1 1 1 1 0 0 0 1 1 0 0 0 1 
1 1 1 1 1 1 1 1 1 1 1 1 1 1 1 1 1 1 1 1 1 1 1 1 1 1 1 1 1 1 1 1 1 1 1 1 1 1 1 1 1 1 1 1 1 1 1 1 1 1 1 1 1 1 1 1 1 1 1 1 1 1 1 1 1 1 1 1 1 1 1 1 1 1 1 1 1 1 1 1 1 1 1 1 1 1 1 1 1 1 1 1 1 1 1 1 1 1 1 1 
4 10 0 0 7 10 0 0 0 0 7 8 0 0 8 10 10 10 9 10 0 0 0 0 0 0 0 0 5 10 0 0 6 7 2 5 4 8 7 8 7 9 0 0 0 0 0 0 4 10 6 9 0 0 0 0 8 10 8 9 0 0 0 0 7 10 0 0 4 4 0 0 5 5 1 3 0 0 0 0 
6 6 8 2 
0.0 46.0 45.0 23.0 27.0 31.0 63.0 37.0 58.0 49.0 70.0 8.0 38.0 22.0 37.0 27.0 46.0 0.0 81.0 59.0 34.0 23.0 40.0 22.0 69.0 79.0 74.0 52.0 35.0 33.0 32.0 34.0 45.0 81.0 0.0 24.0 48.0 59.0 76.0 63.0 40.0 13.0 55.0 45.0 54.0 66.0 55.0 48.0 23.0 59.0 24.0 0.0 28.0 38.0 61.0 42.0 40.0 26.0 54.0 25.0 36.0 44.0 36.0 28.0 27.0 34.0 48.0 28.0 0.0 12.0 38.0 16.0 39.0 45.0 49.0 34.0 12.0 35.0 11.0 0.0 31.0 23.0 59.0 38.0 12.0 0.0 34.0 7.0 48.0 56.0 56.0 38.0 15.0 31.0 13.0 12.0 63.0 40.0 76.0 61.0 38.0 34.0 0.0 28.0 45.0 69.0 43.0 71.0 27.0 64.0 27.0 38.0 37.0 22.0 63.0 42.0 16.0 7.0 28.0 0.0 48.0 59.0 53.0 45.0 13.0 36.0 11.0 16.0 58.0 69.0 40.0 40.0 39.0 48.0 45.0 48.0 0.0 29.0 15.0 62.0 35.0 72.0 37.0 39.0 49.0 79.0 13.0 26.0 45.0 56.0 69.0 59.0 29.0 0.0 43.0 50.0 48.0 69.0 50.0 45.0 70.0 74.0 55.0 54.0 49.0 56.0 43.0 53.0 15.0 43.0 0.0 75.0 41.0 83.0 44.0 49.0 8.0 52.0 45.0 25.0 34.0 38.0 71.0 45.0 62.0 50.0 75.0 0.0 45.0 25.0 44.0 34.0 38.0 35.0 54.0 36.0 12.0 15.0 27.0 13.0 35.0 48.0 41.0 45.0 0.0 44.0 3.0 12.0 22.0 33.0 66.0 44.0 35.0 31.0 64.0 36.0 72.0 69.0 83.0 25.0 44.0 0.0 42.0 35.0 37.0 32.0 55.0 36.0 11.0 13.0 27.0 11.0 37.0 50.0 44.0 44.0 3.0 42.0 0.0 11.0 27.0 34.0 48.0 28.0 0.0 12.0 38.0 16.0 39.0 45.0 49.0 34.0 12.0 35.0 11.0 0.0 
15 12 6 8 
34 29 79 33 4 62 23 49 50 50 60 45 79 73 65 49 36 86 11 72 45 98 28 25 57 59 51 16 58 57 50 50 