4 10 1 4 3 178 65 356 125 10 10
25 18 0 0 13 19 0 0 0 0 13 4 0 0 17 7 
4 2 0 1 5 3 1 3 0 2 0 0 3 4 4 0 1 0 0 0 5 3 0 0 0 0 5 1 5 4 2 0 2 5 5 2 1 0 0 0 
0 0 0 1 0 0 1 0 1 0 1 0 0 1 0 0 1 1 0 0 1 1 1 1 1 1 0 1 1 1 0 1 1 1 1 1 1 0 0 0 
1 1 1 1 1 1 1 1 1 1 1 1 1 1 1 1 1 1 1 1 1 1 1 1 1 1 1 1 1 1 1 1 1 1 1 1 1 1 1 1 1 1 1 1 1 1 1 1 1 1 1 1 1 1 1 1 1 1 1 1 1 1 1 1 1 1 1 1 1 1 1 1 1 1 1 1 1 1 1 1 1 1 1 1 1 1 1 1 1 1 1 1 1 1 1 1 1 1 1 1 
8 9 3 4 0 0 10 10 7 7 3 5 2 5 2 10 0 0 5 7 0 0 0 0 7 9 5 9 7 9 0 0 3 3 0 0 0 0 0 0 5 8 4 4 0 0 0 0 0 0 0 0 6 8 7 8 3 10 5 6 1 9 0 0 7 8 3 7 5 6 5 5 2 8 0 0 0 0 0 0 
8 5 5 10 
0.0 86.0 49.0 75.0 44.0 8.0 80.0 82.0 75.0 82.0 96.0 30.0 37.0 18.0 70.0 44.0 86.0 0.0 45.0 81.0 50.0 93.0 13.0 98.0 15.0 82.0 21.0 72.0 56.0 83.0 37.0 50.0 49.0 45.0 0.0 48.0 6.0 56.0 44.0 63.0 31.0 52.0 49.0 50.0 13.0 40.0 50.0 6.0 75.0 81.0 48.0 0.0 48.0 80.0 86.0 17.0 68.0 7.0 73.0 91.0 50.0 59.0 97.0 48.0 44.0 50.0 6.0 48.0 0.0 50.0 49.0 61.0 37.0 52.0 55.0 47.0 8.0 35.0 53.0 0.0 8.0 93.0 56.0 80.0 50.0 0.0 87.0 85.0 82.0 86.0 103.0 34.0 43.0 22.0 76.0 50.0 80.0 13.0 44.0 86.0 49.0 87.0 0.0 102.0 19.0 87.0 33.0 63.0 54.0 79.0 25.0 49.0 82.0 98.0 63.0 17.0 61.0 85.0 102.0 0.0 85.0 19.0 90.0 101.0 62.0 65.0 113.0 61.0 75.0 15.0 31.0 68.0 37.0 82.0 19.0 85.0 0.0 69.0 23.0 65.0 43.0 70.0 39.0 37.0 82.0 82.0 52.0 7.0 52.0 86.0 87.0 19.0 69.0 0.0 73.0 96.0 55.0 65.0 100.0 52.0 96.0 21.0 49.0 73.0 55.0 103.0 33.0 90.0 23.0 73.0 0.0 87.0 62.0 89.0 57.0 55.0 30.0 72.0 50.0 91.0 47.0 34.0 63.0 101.0 65.0 96.0 87.0 0.0 42.0 42.0 46.0 47.0 37.0 56.0 13.0 50.0 8.0 43.0 54.0 62.0 43.0 55.0 62.0 42.0 0.0 28.0 55.0 8.0 18.0 83.0 40.0 59.0 35.0 22.0 79.0 65.0 70.0 65.0 89.0 42.0 28.0 0.0 74.0 35.0 70.0 37.0 50.0 97.0 53.0 76.0 25.0 113.0 39.0 100.0 57.0 46.0 55.0 74.0 0.0 53.0 44.0 50.0 6.0 48.0 0.0 50.0 49.0 61.0 37.0 52.0 55.0 47.0 8.0 35.0 53.0 0.0 
13 6 11 7 
15 25 58 99 53 55 90 25 50 50 11 19 46 98 95 9 59 85 96 27 78 97 4 52 45 45 32 21 22 94 50 50 