4 10 1 4 3 123 65 246 125 10 10
17 11 0 0 13 13 0 0 0 0 7 19 0 0 8 13 
0 0 1 5 2 0 0 2 0 4 0 4 5 5 3 3 3 0 0 0 0 0 3 4 0 0 0 4 5 2 1 0 1 0 0 0 2 4 0 0 
0 1 1 1 0 1 0 0 1 1 1 0 0 0 1 1 1 1 1 1 1 1 0 1 1 1 0 0 0 1 1 1 1 0 0 0 0 0 0 1 
1 1 1 1 1 1 1 1 1 1 1 1 1 1 1 1 1 1 1 1 1 1 1 1 1 1 1 1 1 1 1 1 1 1 1 1 1 1 1 1 1 1 1 1 1 1 1 1 1 1 1 1 1 1 1 1 1 1 1 1 1 1 1 1 1 1 1 1 1 1 1 1 1 1 1 1 1 1 1 1 1 1 1 1 1 1 1 1 1 1 1 1 1 1 1 1 1 1 1 1 
0 0 0 0 9 10 6 8 9 10 0 0 0 0 3 7 0 0 4 5 0 0 2 5 8 9 6 8 10 10 2 3 4 5 0 0 0 0 0 0 0 0 0 0 4 8 5 6 0 0 0 0 0 0 6 8 1 9 1 2 1 2 0 0 10 10 0 0 0 0 0 0 2 5 10 10 0 0 0 0 
8 8 9 8 
0.0 36.0 47.0 60.0 13.0 27.0 39.0 34.0 18.0 37.0 25.0 49.0 46.0 26.0 59.0 13.0 36.0 0.0 25.0 27.0 27.0 62.0 44.0 25.0 53.0 62.0 23.0 23.0 26.0 23.0 25.0 27.0 47.0 25.0 0.0 41.0 35.0 70.0 31.0 50.0 63.0 81.0 23.0 6.0 50.0 22.0 23.0 35.0 60.0 27.0 41.0 0.0 54.0 86.0 68.0 36.0 77.0 80.0 49.0 36.0 25.0 48.0 22.0 54.0 13.0 27.0 35.0 54.0 0.0 37.0 29.0 35.0 29.0 49.0 13.0 37.0 45.0 14.0 49.0 0.0 27.0 62.0 70.0 86.0 37.0 0.0 53.0 57.0 10.0 33.0 48.0 73.0 70.0 49.0 85.0 37.0 39.0 44.0 31.0 68.0 29.0 53.0 0.0 61.0 49.0 75.0 22.0 36.0 68.0 23.0 53.0 29.0 34.0 25.0 50.0 36.0 35.0 57.0 61.0 0.0 48.0 45.0 40.0 47.0 14.0 40.0 47.0 35.0 18.0 53.0 63.0 77.0 29.0 10.0 49.0 48.0 0.0 30.0 41.0 65.0 60.0 42.0 76.0 29.0 37.0 62.0 81.0 80.0 49.0 33.0 75.0 45.0 30.0 0.0 61.0 81.0 58.0 61.0 87.0 49.0 25.0 23.0 23.0 49.0 13.0 48.0 22.0 40.0 41.0 61.0 0.0 26.0 46.0 1.0 39.0 13.0 49.0 23.0 6.0 36.0 37.0 73.0 36.0 47.0 65.0 81.0 26.0 0.0 46.0 25.0 18.0 37.0 46.0 26.0 50.0 25.0 45.0 70.0 68.0 14.0 60.0 58.0 46.0 46.0 0.0 45.0 40.0 45.0 26.0 23.0 22.0 48.0 14.0 49.0 23.0 40.0 42.0 61.0 1.0 25.0 45.0 0.0 38.0 14.0 59.0 25.0 23.0 22.0 49.0 85.0 53.0 47.0 76.0 87.0 39.0 18.0 40.0 38.0 0.0 49.0 13.0 27.0 35.0 54.0 0.0 37.0 29.0 35.0 29.0 49.0 13.0 37.0 45.0 14.0 49.0 0.0 
7 11 14 4 
40 42 75 40 81 64 98 27 50 50 14 44 54 78 64 18 23 41 20 12 60 57 85 60 77 15 61 57 98 49 50 50 