4 10 1 4 3 168 65 336 125 10 10
6 7 0 0 7 9 0 0 0 0 23 15 0 0 18 10 
0 5 2 4 0 0 2 0 0 0 0 2 4 0 4 2 0 0 1 0 1 4 5 1 3 0 2 0 3 2 2 2 0 0 1 0 0 0 5 5 
1 1 0 1 0 1 0 0 1 1 0 0 0 1 1 0 0 1 0 1 1 1 1 0 1 0 0 1 1 1 0 1 1 0 1 1 1 1 0 1 
1 1 1 1 1 1 1 1 1 1 1 1 1 1 1 1 1 1 1 1 1 1 1 1 1 1 1 1 1 1 1 1 1 1 1 1 1 1 1 1 1 1 1 1 1 1 1 1 1 1 1 1 1 1 1 1 1 1 1 1 1 1 1 1 1 1 1 1 1 1 1 1 1 1 1 1 1 1 1 1 1 1 1 1 1 1 1 1 1 1 1 1 1 1 1 1 1 1 1 1 
0 0 5 6 1 10 5 8 0 0 0 0 9 10 0 0 0 0 0 0 0 0 8 10 5 10 0 0 7 10 9 10 0 0 0 0 4 8 0 0 10 10 1 5 4 6 5 6 1 4 0 0 5 5 0 0 3 7 4 9 3 9 5 8 0 0 0 0 3 6 0 0 0 0 0 0 4 8 10 10 
8 2 1 7 
0.0 61.0 60.0 58.0 48.0 92.0 79.0 92.0 33.0 56.0 77.0 98.0 90.0 43.0 73.0 48.0 61.0 0.0 79.0 25.0 28.0 32.0 43.0 42.0 46.0 10.0 24.0 57.0 50.0 20.0 57.0 28.0 60.0 79.0 0.0 94.0 51.0 100.0 61.0 82.0 85.0 70.0 78.0 75.0 70.0 73.0 40.0 51.0 58.0 25.0 94.0 0.0 46.0 49.0 67.0 65.0 32.0 31.0 48.0 82.0 75.0 21.0 79.0 46.0 48.0 28.0 51.0 46.0 0.0 52.0 32.0 45.0 51.0 19.0 33.0 51.0 43.0 28.0 35.0 0.0 92.0 32.0 100.0 49.0 52.0 0.0 45.0 29.0 77.0 37.0 22.0 49.0 45.0 51.0 68.0 52.0 79.0 43.0 61.0 67.0 32.0 45.0 0.0 22.0 80.0 37.0 26.0 20.0 12.0 54.0 24.0 32.0 92.0 42.0 82.0 65.0 45.0 29.0 22.0 0.0 86.0 40.0 19.0 21.0 18.0 58.0 45.0 45.0 33.0 46.0 85.0 32.0 51.0 77.0 80.0 86.0 0.0 47.0 68.0 98.0 91.0 28.0 84.0 51.0 56.0 10.0 70.0 31.0 19.0 37.0 37.0 40.0 47.0 0.0 23.0 53.0 46.0 19.0 49.0 19.0 77.0 24.0 78.0 48.0 33.0 22.0 26.0 19.0 68.0 23.0 0.0 36.0 29.0 41.0 47.0 33.0 98.0 57.0 75.0 82.0 51.0 49.0 20.0 21.0 98.0 53.0 36.0 0.0 8.0 71.0 35.0 51.0 90.0 50.0 70.0 75.0 43.0 45.0 12.0 18.0 91.0 46.0 29.0 8.0 0.0 64.0 31.0 43.0 43.0 20.0 73.0 21.0 28.0 51.0 54.0 58.0 28.0 19.0 41.0 71.0 64.0 0.0 62.0 28.0 73.0 57.0 40.0 79.0 35.0 68.0 24.0 45.0 84.0 49.0 47.0 35.0 31.0 62.0 0.0 35.0 48.0 28.0 51.0 46.0 0.0 52.0 32.0 45.0 51.0 19.0 33.0 51.0 43.0 28.0 35.0 0.0 
8 5 14 12 
9 74 69 70 13 15 63 94 50 50 100 63 72 28 92 36 32 97 63 63 82 51 87 16 82 22 51 77 52 16 50 50 