4 10 1 4 3 115 65 230 125 10 10
16 5 0 0 15 9 0 0 0 0 6 12 0 0 4 12 
0 1 0 0 5 0 2 3 1 2 2 5 2 2 0 0 4 0 0 0 4 0 0 1 0 0 2 0 4 0 0 4 5 5 0 0 0 0 0 2 
1 1 1 1 1 0 0 1 0 1 0 1 0 0 1 1 0 0 0 1 0 0 0 1 0 0 0 0 0 1 0 0 0 1 1 1 0 0 1 0 
1 1 1 1 1 1 1 1 1 1 1 1 1 1 1 1 1 1 1 1 1 1 1 1 1 1 1 1 1 1 1 1 1 1 1 1 1 1 1 1 1 1 1 1 1 1 1 1 1 1 1 1 1 1 1 1 1 1 1 1 1 1 1 1 1 1 1 1 1 1 1 1 1 1 1 1 1 1 1 1 1 1 1 1 1 1 1 1 1 1 1 1 1 1 1 1 1 1 1 1 
0 0 2 7 0 0 0 0 8 10 0 0 4 10 4 9 4 8 10 10 5 6 1 5 9 10 5 5 0 0 0 0 7 8 0 0 0 0 0 0 7 9 0 0 0 0 4 10 0 0 0 0 10 10 0 0 3 3 0 0 0 0 3 8 6 6 9 10 0 0 0 0 0 0 0 0 0 0 6 9 
2 2 2 9 
0.0 65.0 33.0 50.0 36.0 62.0 37.0 22.0 24.0 39.0 41.0 28.0 78.0 70.0 72.0 36.0 65.0 0.0 78.0 94.0 35.0 42.0 29.0 46.0 48.0 29.0 93.0 64.0 14.0 6.0 64.0 35.0 33.0 78.0 0.0 79.0 60.0 89.0 51.0 49.0 32.0 50.0 69.0 60.0 90.0 82.0 102.0 60.0 50.0 94.0 79.0 0.0 60.0 66.0 74.0 52.0 70.0 77.0 13.0 31.0 105.0 99.0 60.0 60.0 36.0 35.0 60.0 60.0 0.0 29.0 19.0 15.0 31.0 23.0 59.0 30.0 47.0 40.0 47.0 0.0 62.0 42.0 89.0 66.0 29.0 0.0 44.0 41.0 60.0 48.0 70.0 44.0 48.0 45.0 23.0 29.0 37.0 29.0 51.0 74.0 19.0 44.0 0.0 22.0 20.0 4.0 70.0 43.0 42.0 34.0 64.0 19.0 22.0 46.0 49.0 52.0 15.0 41.0 22.0 0.0 23.0 25.0 49.0 22.0 59.0 51.0 55.0 15.0 24.0 48.0 32.0 70.0 31.0 60.0 20.0 23.0 0.0 20.0 64.0 43.0 60.0 52.0 76.0 31.0 39.0 29.0 50.0 77.0 23.0 48.0 4.0 25.0 20.0 0.0 73.0 47.0 42.0 34.0 68.0 23.0 41.0 93.0 69.0 13.0 59.0 70.0 70.0 49.0 64.0 73.0 0.0 30.0 105.0 98.0 67.0 59.0 28.0 64.0 60.0 31.0 30.0 44.0 43.0 22.0 43.0 47.0 30.0 0.0 75.0 69.0 48.0 30.0 78.0 14.0 90.0 105.0 47.0 48.0 42.0 59.0 60.0 42.0 105.0 75.0 0.0 8.0 69.0 47.0 70.0 6.0 82.0 99.0 40.0 45.0 34.0 51.0 52.0 34.0 98.0 69.0 8.0 0.0 67.0 40.0 72.0 64.0 102.0 60.0 47.0 23.0 64.0 55.0 76.0 68.0 67.0 48.0 69.0 67.0 0.0 47.0 36.0 35.0 60.0 60.0 0.0 29.0 19.0 15.0 31.0 23.0 59.0 30.0 47.0 40.0 47.0 0.0 
10 3 10 8 
55 85 71 23 84 99 6 90 50 50 30 29 68 51 51 64 73 70 72 51 16 97 31 72 73 10 73 18 8 31 50 50 