4 10 1 4 3 118 65 236 125 10 10
12 8 0 0 18 6 0 0 0 0 6 14 0 0 5 15 
1 0 0 3 1 1 0 2 2 2 5 3 3 4 0 3 5 0 0 0 0 0 0 5 3 0 0 0 3 5 1 2 2 0 0 1 3 0 0 0 
0 1 1 1 1 0 1 1 1 1 1 0 1 0 0 1 0 1 0 1 0 0 0 0 0 0 0 1 0 0 1 0 1 1 1 1 0 1 0 0 
1 1 1 1 1 1 1 1 1 1 1 1 1 1 1 1 1 1 1 1 1 1 1 1 1 1 1 1 1 1 1 1 1 1 1 1 1 1 1 1 1 1 1 1 1 1 1 1 1 1 1 1 1 1 1 1 1 1 1 1 1 1 1 1 1 1 1 1 1 1 1 1 1 1 1 1 1 1 1 1 1 1 1 1 1 1 1 1 1 1 1 1 1 1 1 1 1 1 1 1 
9 10 0 0 0 0 9 9 4 4 8 8 0 0 8 10 5 6 2 4 5 9 5 10 8 10 1 4 0 0 8 10 1 8 0 0 0 0 0 0 0 0 0 0 0 0 8 10 5 9 0 0 0 0 0 0 10 10 4 6 8 9 7 10 2 8 0 0 0 0 9 10 4 9 0 0 0 0 0 0 
6 5 3 8 
0.0 79.0 48.0 14.0 53.0 76.0 14.0 97.0 86.0 67.0 6.0 95.0 100.0 52.0 97.0 53.0 79.0 0.0 32.0 69.0 40.0 15.0 79.0 26.0 8.0 69.0 78.0 17.0 62.0 89.0 33.0 40.0 48.0 32.0 0.0 38.0 22.0 32.0 48.0 51.0 39.0 53.0 47.0 48.0 66.0 63.0 52.0 22.0 14.0 69.0 38.0 0.0 40.0 68.0 12.0 85.0 76.0 55.0 10.0 85.0 87.0 43.0 84.0 40.0 53.0 40.0 22.0 40.0 0.0 47.0 48.0 49.0 48.0 33.0 50.0 53.0 49.0 49.0 45.0 0.0 76.0 15.0 32.0 68.0 47.0 0.0 79.0 40.0 15.0 79.0 76.0 27.0 76.0 94.0 48.0 47.0 14.0 79.0 48.0 12.0 48.0 79.0 0.0 94.0 86.0 55.0 10.0 95.0 92.0 38.0 92.0 48.0 97.0 26.0 51.0 85.0 49.0 40.0 94.0 0.0 26.0 68.0 95.0 18.0 45.0 95.0 11.0 49.0 86.0 8.0 39.0 76.0 48.0 15.0 86.0 26.0 0.0 76.0 85.0 12.0 65.0 96.0 35.0 48.0 67.0 69.0 53.0 55.0 33.0 79.0 55.0 68.0 76.0 0.0 62.0 78.0 42.0 32.0 60.0 33.0 6.0 78.0 47.0 10.0 50.0 76.0 10.0 95.0 85.0 62.0 0.0 94.0 96.0 47.0 94.0 50.0 95.0 17.0 48.0 85.0 53.0 27.0 95.0 18.0 12.0 78.0 94.0 0.0 61.0 101.0 28.0 53.0 100.0 62.0 66.0 87.0 49.0 76.0 92.0 45.0 65.0 42.0 96.0 61.0 0.0 74.0 34.0 49.0 52.0 89.0 63.0 43.0 49.0 94.0 38.0 95.0 96.0 32.0 47.0 101.0 74.0 0.0 89.0 49.0 97.0 33.0 52.0 84.0 45.0 48.0 92.0 11.0 35.0 60.0 94.0 28.0 34.0 89.0 0.0 45.0 53.0 40.0 22.0 40.0 0.0 47.0 48.0 49.0 48.0 33.0 50.0 53.0 49.0 49.0 45.0 0.0 
7 1 15 11 
5 22 83 28 52 29 15 31 50 50 80 14 5 36 98 49 90 25 38 80 6 27 99 32 79 89 7 73 94 59 50 50 