4 20 1 4 3 252 65 503 125 10 20
17 21 0 0 20 20 0 0 0 0 26 31 0 0 27 32 
0 2 2 2 0 0 1 0 0 0 5 5 0 1 0 5 0 3 5 4 0 3 5 4 5 2 0 0 5 1 0 0 0 2 0 0 2 0 2 4 0 3 0 2 0 4 4 0 0 0 5 3 0 4 5 0 0 0 3 1 3 0 0 4 5 0 0 2 0 0 5 4 0 0 1 1 2 4 2 5 
1 1 1 0 0 1 1 1 1 0 1 0 1 0 0 1 1 0 1 0 1 0 1 1 0 1 0 0 1 1 1 1 1 0 0 0 0 0 1 1 
1 1 1 1 1 1 1 1 1 1 1 1 1 1 1 1 1 1 1 1 1 1 1 1 1 1 1 1 1 1 1 1 1 1 1 1 1 1 1 1 1 1 1 1 1 1 1 1 1 1 1 1 1 1 1 1 1 1 1 1 1 1 1 1 1 1 1 1 1 1 1 1 1 1 1 1 1 1 1 1 1 1 1 1 1 1 1 1 1 1 1 1 1 1 1 1 1 1 1 1 1 1 1 1 1 1 1 1 1 1 1 1 1 1 1 1 1 1 1 1 1 1 1 1 1 1 1 1 1 1 1 1 1 1 1 1 1 1 1 1 1 1 1 1 1 1 1 1 1 1 1 1 1 1 1 1 1 1 1 1 1 1 1 1 1 1 1 1 1 1 1 1 1 1 1 1 1 1 1 1 1 1 1 1 1 1 1 1 1 1 1 1 1 1 1 1 1 1 1 1 
0 0 9 10 6 9 8 10 0 0 0 0 7 8 0 0 0 0 0 0 4 8 6 7 0 0 8 10 0 0 7 7 0 0 10 10 6 9 7 8 0 0 6 9 6 8 5 9 10 10 4 8 0 0 0 0 2 6 8 10 0 0 0 0 0 0 6 10 0 0 0 0 5 7 0 0 6 10 7 8 0 0 1 2 0 0 8 10 0 0 1 9 3 10 0 0 0 0 0 0 6 7 10 10 0 0 10 10 9 10 0 0 0 0 0 0 8 9 9 10 8 9 0 0 0 0 7 10 7 10 0 0 0 0 4 5 0 0 0 0 8 10 6 9 0 0 0 0 1 10 4 7 9 10 4 4 7 8 10 10 
8 1 3 2 
0.0 14.0 79.0 46.0 38.0 71.0 90.0 66.0 74.0 60.0 19.0 42.0 41.0 76.0 12.0 8.0 41.0 28.0 23.0 50.0 62.0 10.0 42.0 53.0 37.0 38.0 14.0 0.0 92.0 59.0 51.0 81.0 103.0 80.0 87.0 72.0 28.0 56.0 43.0 87.0 15.0 13.0 51.0 40.0 27.0 54.0 75.0 4.0 51.0 64.0 40.0 51.0 79.0 92.0 0.0 36.0 42.0 41.0 34.0 20.0 11.0 22.0 79.0 39.0 76.0 27.0 87.0 81.0 50.0 53.0 90.0 72.0 49.0 88.0 78.0 65.0 72.0 42.0 46.0 59.0 36.0 0.0 12.0 49.0 46.0 21.0 35.0 22.0 44.0 5.0 57.0 44.0 52.0 49.0 33.0 25.0 55.0 58.0 29.0 56.0 45.0 36.0 52.0 12.0 38.0 51.0 42.0 12.0 0.0 44.0 57.0 31.0 38.0 23.0 40.0 8.0 46.0 43.0 46.0 40.0 22.0 13.0 51.0 47.0 40.0 47.0 47.0 43.0 41.0 0.0 71.0 81.0 41.0 49.0 44.0 0.0 74.0 51.0 30.0 30.0 81.0 48.0 48.0 15.0 82.0 69.0 31.0 46.0 90.0 40.0 76.0 77.0 91.0 85.0 47.0 44.0 90.0 103.0 34.0 46.0 57.0 74.0 0.0 28.0 45.0 48.0 82.0 50.0 100.0 61.0 94.0 94.0 74.0 70.0 93.0 99.0 35.0 100.0 72.0 54.0 96.0 57.0 66.0 80.0 20.0 21.0 31.0 51.0 28.0 0.0 26.0 22.0 63.0 25.0 73.0 40.0 72.0 69.0 47.0 44.0 74.0 72.0 30.0 76.0 59.0 45.0 69.0 31.0 74.0 87.0 11.0 35.0 38.0 30.0 45.0 26.0 0.0 16.0 77.0 37.0 67.0 16.0 83.0 75.0 41.0 48.0 88.0 62.0 54.0 83.0 79.0 68.0 64.0 38.0 60.0 72.0 22.0 22.0 23.0 30.0 48.0 22.0 16.0 0.0 62.0 22.0 56.0 23.0 68.0 60.0 29.0 33.0 73.0 53.0 46.0 68.0 66.0 57.0 52.0 23.0 19.0 28.0 79.0 44.0 40.0 81.0 82.0 63.0 77.0 62.0 0.0 41.0 58.0 82.0 14.0 27.0 52.0 35.0 12.0 67.0 50.0 27.0 24.0 37.0 54.0 40.0 42.0 56.0 39.0 5.0 8.0 48.0 50.0 25.0 37.0 22.0 41.0 0.0 53.0 45.0 49.0 45.0 30.0 20.0 52.0 55.0 33.0 52.0 44.0 38.0 48.0 8.0 41.0 43.0 76.0 57.0 46.0 48.0 100.0 73.0 67.0 56.0 58.0 53.0 0.0 60.0 52.0 34.0 27.0 35.0 64.0 12.0 84.0 40.0 78.0 83.0 6.0 46.0 76.0 87.0 27.0 44.0 43.0 15.0 61.0 40.0 16.0 23.0 82.0 45.0 60.0 0.0 86.0 75.0 38.0 49.0 93.0 53.0 68.0 83.0 88.0 80.0 58.0 43.0 12.0 15.0 87.0 52.0 46.0 82.0 94.0 72.0 83.0 68.0 14.0 49.0 52.0 86.0 0.0 18.0 52.0 37.0 13.0 61.0 63.0 14.0 37.0 51.0 48.0 46.0 8.0 13.0 81.0 49.0 40.0 69.0 94.0 69.0 75.0 60.0 27.0 45.0 34.0 75.0 18.0 0.0 39.0 28.0 31.0 44.0 68.0 9.0 50.0 60.0 30.0 40.0 41.0 51.0 50.0 33.0 22.0 31.0 74.0 47.0 41.0 29.0 52.0 30.0 27.0 38.0 52.0 39.0 0.0 18.0 61.0 26.0 62.0 47.0 66.0 65.0 23.0 22.0 28.0 40.0 53.0 25.0 13.0 46.0 70.0 44.0 48.0 33.0 35.0 20.0 35.0 49.0 37.0 28.0 18.0 0.0 45.0 39.0 50.0 36.0 49.0 50.0 30.0 13.0 23.0 27.0 90.0 55.0 51.0 90.0 93.0 74.0 88.0 73.0 12.0 52.0 64.0 93.0 13.0 31.0 61.0 45.0 0.0 73.0 60.0 27.0 28.0 45.0 60.0 51.0 50.0 54.0 72.0 58.0 47.0 40.0 99.0 72.0 62.0 53.0 67.0 55.0 12.0 53.0 61.0 44.0 26.0 39.0 73.0 0.0 87.0 51.0 85.0 88.0 14.0 47.0 62.0 75.0 49.0 29.0 40.0 76.0 35.0 30.0 54.0 46.0 50.0 33.0 84.0 68.0 63.0 68.0 62.0 50.0 60.0 87.0 0.0 72.0 37.0 19.0 79.0 40.0 10.0 4.0 88.0 56.0 47.0 77.0 100.0 76.0 83.0 68.0 27.0 52.0 40.0 83.0 14.0 9.0 47.0 36.0 27.0 51.0 72.0 0.0 50.0 62.0 37.0 47.0 42.0 51.0 78.0 45.0 47.0 91.0 72.0 59.0 79.0 66.0 24.0 44.0 78.0 88.0 37.0 50.0 66.0 49.0 28.0 85.0 37.0 50.0 0.0 19.0 73.0 47.0 53.0 64.0 65.0 36.0 43.0 85.0 54.0 45.0 68.0 57.0 37.0 38.0 83.0 80.0 51.0 60.0 65.0 50.0 45.0 88.0 19.0 62.0 19.0 0.0 78.0 43.0 37.0 40.0 72.0 52.0 41.0 47.0 96.0 69.0 64.0 52.0 54.0 48.0 6.0 58.0 48.0 30.0 23.0 30.0 60.0 14.0 79.0 37.0 73.0 78.0 0.0 41.0 38.0 51.0 42.0 12.0 0.0 44.0 57.0 31.0 38.0 23.0 40.0 8.0 46.0 43.0 46.0 40.0 22.0 13.0 51.0 47.0 40.0 47.0 47.0 43.0 41.0 0.0 
2 9 14 7 
45 13 39 1 55 91 60 56 50 50 17 78 89 91 67 75 45 87 46 72 64 13 57 53 9 31 29 87 53 5 37 13 28 50 42 40 65 2 4 41 89 56 39 5 86 20 91 38 14 32 50 50 