4 20 1 4 3 230 65 460 125 10 20
29 19 0 0 39 19 0 0 0 0 21 26 0 0 22 15 
3 0 3 0 2 0 0 0 0 4 0 2 5 0 5 0 0 1 4 2 3 0 0 0 3 5 0 0 4 5 2 4 3 3 0 0 0 0 0 2 2 0 0 3 0 0 3 0 0 2 0 0 2 3 0 5 2 2 2 3 4 0 0 0 4 2 0 0 4 3 0 0 0 0 1 2 0 2 2 4 
0 1 0 0 1 0 1 0 0 0 1 1 0 0 1 0 0 0 0 0 1 0 0 1 0 1 1 0 1 0 1 0 1 1 0 1 0 0 0 1 
1 1 1 1 1 1 1 1 1 1 1 1 1 1 1 1 1 1 1 1 1 1 1 1 1 1 1 1 1 1 1 1 1 1 1 1 1 1 1 1 1 1 1 1 1 1 1 1 1 1 1 1 1 1 1 1 1 1 1 1 1 1 1 1 1 1 1 1 1 1 1 1 1 1 1 1 1 1 1 1 1 1 1 1 1 1 1 1 1 1 1 1 1 1 1 1 1 1 1 1 1 1 1 1 1 1 1 1 1 1 1 1 1 1 1 1 1 1 1 1 1 1 1 1 1 1 1 1 1 1 1 1 1 1 1 1 1 1 1 1 1 1 1 1 1 1 1 1 1 1 1 1 1 1 1 1 1 1 1 1 1 1 1 1 1 1 1 1 1 1 1 1 1 1 1 1 1 1 1 1 1 1 1 1 1 1 1 1 1 1 1 1 1 1 1 1 1 1 1 1 
4 4 0 0 5 8 0 0 7 10 0 0 0 0 0 0 0 0 2 2 0 0 4 8 6 9 0 0 5 6 0 0 0 0 5 7 1 2 3 9 2 8 0 0 0 0 0 0 9 10 3 7 0 0 0 0 10 10 9 10 3 4 1 4 10 10 9 10 0 0 0 0 0 0 0 0 0 0 5 7 6 9 0 0 0 0 5 5 0 0 0 0 3 8 0 0 0 0 4 7 0 0 0 0 8 10 7 10 0 0 8 10 10 10 3 7 1 1 4 5 6 9 0 0 0 0 0 0 7 8 5 10 0 0 0 0 7 8 8 10 0 0 0 0 0 0 0 0 9 10 1 9 0 0 8 10 7 10 2 3 
5 6 10 1 
0.0 62.0 38.0 78.0 39.0 27.0 40.0 46.0 42.0 19.0 58.0 66.0 56.0 57.0 82.0 41.0 85.0 35.0 45.0 44.0 81.0 22.0 66.0 39.0 34.0 39.0 62.0 0.0 34.0 72.0 44.0 64.0 23.0 26.0 40.0 60.0 62.0 73.0 62.0 61.0 55.0 83.0 62.0 84.0 37.0 20.0 24.0 42.0 12.0 91.0 67.0 44.0 38.0 34.0 0.0 85.0 45.0 53.0 18.0 10.0 44.0 45.0 69.0 80.0 68.0 68.0 78.0 72.0 84.0 69.0 10.0 25.0 57.0 19.0 43.0 75.0 59.0 45.0 78.0 72.0 85.0 0.0 42.0 54.0 69.0 85.0 42.0 61.0 20.0 17.0 23.0 22.0 27.0 58.0 21.0 68.0 94.0 63.0 66.0 74.0 62.0 73.0 48.0 42.0 39.0 44.0 45.0 42.0 0.0 24.0 31.0 46.0 5.0 25.0 25.0 35.0 24.0 23.0 44.0 42.0 47.0 45.0 54.0 27.0 53.0 32.0 41.0 52.0 25.0 0.0 27.0 64.0 53.0 54.0 24.0 0.0 46.0 58.0 29.0 10.0 34.0 40.0 32.0 33.0 64.0 21.0 65.0 22.0 62.0 45.0 76.0 35.0 63.0 29.0 8.0 24.0 40.0 23.0 18.0 69.0 31.0 46.0 0.0 16.0 29.0 40.0 54.0 65.0 54.0 53.0 60.0 66.0 66.0 65.0 26.0 8.0 44.0 20.0 29.0 71.0 50.0 31.0 46.0 26.0 10.0 85.0 46.0 58.0 16.0 0.0 44.0 51.0 70.0 81.0 69.0 69.0 74.0 78.0 81.0 76.0 12.0 22.0 50.0 26.0 37.0 81.0 63.0 46.0 42.0 40.0 44.0 42.0 5.0 29.0 29.0 44.0 0.0 29.0 26.0 37.0 25.0 25.0 41.0 46.0 44.0 50.0 53.0 24.0 48.0 33.0 36.0 57.0 29.0 5.0 19.0 60.0 45.0 61.0 25.0 10.0 40.0 51.0 29.0 0.0 41.0 48.0 39.0 40.0 68.0 28.0 70.0 26.0 54.0 40.0 75.0 27.0 61.0 32.0 17.0 25.0 58.0 62.0 69.0 20.0 25.0 34.0 54.0 70.0 26.0 41.0 0.0 11.0 3.0 2.0 35.0 40.0 34.0 49.0 78.0 49.0 64.0 56.0 55.0 55.0 29.0 25.0 66.0 73.0 80.0 17.0 35.0 40.0 65.0 81.0 37.0 48.0 11.0 0.0 12.0 13.0 39.0 41.0 35.0 51.0 89.0 60.0 73.0 65.0 65.0 56.0 34.0 35.0 56.0 62.0 68.0 23.0 24.0 32.0 54.0 69.0 25.0 39.0 3.0 12.0 0.0 3.0 37.0 38.0 36.0 47.0 78.0 49.0 65.0 54.0 56.0 53.0 26.0 24.0 57.0 61.0 68.0 22.0 23.0 33.0 53.0 69.0 25.0 40.0 2.0 13.0 3.0 0.0 35.0 40.0 34.0 49.0 77.0 48.0 63.0 54.0 54.0 55.0 28.0 23.0 82.0 55.0 78.0 27.0 44.0 64.0 60.0 74.0 41.0 68.0 35.0 39.0 37.0 35.0 0.0 75.0 9.0 83.0 85.0 53.0 43.0 72.0 44.0 89.0 61.0 44.0 41.0 83.0 72.0 58.0 42.0 21.0 66.0 78.0 46.0 28.0 40.0 41.0 38.0 40.0 75.0 0.0 74.0 12.0 81.0 65.0 94.0 54.0 82.0 15.0 17.0 42.0 85.0 62.0 84.0 21.0 47.0 65.0 66.0 81.0 44.0 70.0 34.0 35.0 36.0 34.0 9.0 74.0 0.0 82.0 91.0 59.0 51.0 76.0 51.0 88.0 61.0 47.0 35.0 84.0 69.0 68.0 45.0 22.0 65.0 76.0 50.0 26.0 49.0 51.0 47.0 49.0 83.0 12.0 82.0 0.0 78.0 65.0 98.0 51.0 84.0 7.0 22.0 45.0 45.0 37.0 10.0 94.0 54.0 62.0 26.0 12.0 53.0 54.0 78.0 89.0 78.0 77.0 85.0 81.0 91.0 78.0 0.0 32.0 60.0 28.0 48.0 83.0 68.0 54.0 44.0 20.0 25.0 63.0 27.0 45.0 8.0 22.0 24.0 40.0 49.0 60.0 49.0 48.0 53.0 65.0 59.0 65.0 32.0 0.0 38.0 24.0 23.0 72.0 49.0 27.0 81.0 24.0 57.0 66.0 53.0 76.0 44.0 50.0 48.0 75.0 64.0 73.0 65.0 63.0 43.0 94.0 51.0 98.0 60.0 38.0 0.0 62.0 15.0 104.0 77.0 53.0 22.0 42.0 19.0 74.0 32.0 35.0 20.0 26.0 33.0 27.0 56.0 65.0 54.0 54.0 72.0 54.0 76.0 51.0 28.0 24.0 62.0 0.0 47.0 57.0 41.0 32.0 66.0 12.0 43.0 62.0 41.0 63.0 29.0 37.0 36.0 61.0 55.0 65.0 56.0 54.0 44.0 82.0 51.0 84.0 48.0 23.0 15.0 47.0 0.0 91.0 65.0 41.0 39.0 91.0 75.0 73.0 52.0 29.0 71.0 81.0 57.0 32.0 55.0 56.0 53.0 55.0 89.0 15.0 88.0 7.0 83.0 72.0 104.0 57.0 91.0 0.0 29.0 52.0 34.0 67.0 59.0 48.0 25.0 8.0 50.0 63.0 29.0 17.0 29.0 34.0 26.0 28.0 61.0 17.0 61.0 22.0 68.0 49.0 77.0 41.0 65.0 29.0 0.0 25.0 39.0 44.0 45.0 42.0 0.0 24.0 31.0 46.0 5.0 25.0 25.0 35.0 24.0 23.0 44.0 42.0 47.0 45.0 54.0 27.0 53.0 32.0 41.0 52.0 25.0 0.0 
5 10 10 15 
88 57 52 7 83 20 11 65 50 50 64 69 66 24 77 13 48 46 71 63 31 65 25 74 33 66 32 64 8 39 63 89 4 46 74 88 88 12 59 25 29 2 79 38 41 11 77 94 58 73 50 50 