4 20 1 4 3 305 65 609 125 10 20
23 20 0 0 21 30 0 0 0 0 20 21 0 0 22 19 
0 0 4 5 5 0 0 0 0 0 2 0 0 4 0 2 0 2 0 2 3 3 0 0 0 0 2 2 0 0 0 2 0 4 2 0 5 2 0 0 4 1 4 0 1 2 0 0 5 2 3 0 5 5 0 5 0 0 1 5 0 2 0 0 0 0 5 2 3 4 1 2 3 4 0 0 4 0 0 2 
0 1 0 0 0 1 0 1 0 0 0 1 0 1 1 0 1 1 0 0 0 1 0 0 1 1 0 0 1 1 0 0 1 0 1 1 0 0 0 0 
1 1 1 1 1 1 1 1 1 1 1 1 1 1 1 1 1 1 1 1 1 1 1 1 1 1 1 1 1 1 1 1 1 1 1 1 1 1 1 1 1 1 1 1 1 1 1 1 1 1 1 1 1 1 1 1 1 1 1 1 1 1 1 1 1 1 1 1 1 1 1 1 1 1 1 1 1 1 1 1 1 1 1 1 1 1 1 1 1 1 1 1 1 1 1 1 1 1 1 1 1 1 1 1 1 1 1 1 1 1 1 1 1 1 1 1 1 1 1 1 1 1 1 1 1 1 1 1 1 1 1 1 1 1 1 1 1 1 1 1 1 1 1 1 1 1 1 1 1 1 1 1 1 1 1 1 1 1 1 1 1 1 1 1 1 1 1 1 1 1 1 1 1 1 1 1 1 1 1 1 1 1 1 1 1 1 1 1 1 1 1 1 1 1 1 1 1 1 1 1 
0 0 0 0 10 10 4 8 7 9 0 0 0 0 0 0 0 0 0 0 10 10 0 0 0 0 2 5 0 0 4 6 0 0 3 8 0 0 10 10 5 7 1 8 0 0 0 0 0 0 0 0 1 10 8 9 0 0 0 0 0 0 6 9 0 0 1 2 2 5 0 0 7 8 3 3 0 0 0 0 5 9 6 10 1 3 0 0 2 3 8 10 0 0 0 0 8 10 9 10 1 3 0 0 2 4 10 10 0 0 1 4 0 0 0 0 1 7 10 10 0 0 7 10 0 0 0 0 0 0 0 0 8 9 1 3 7 7 6 7 8 9 1 8 7 10 4 4 0 0 0 0 8 9 0 0 0 0 5 5 
6 1 10 8 
0.0 54.0 84.0 59.0 58.0 69.0 79.0 35.0 45.0 69.0 33.0 35.0 49.0 88.0 69.0 97.0 92.0 52.0 90.0 33.0 52.0 64.0 63.0 79.0 47.0 58.0 54.0 0.0 79.0 66.0 29.0 41.0 48.0 27.0 45.0 78.0 59.0 53.0 18.0 56.0 43.0 56.0 78.0 70.0 80.0 39.0 57.0 11.0 27.0 65.0 11.0 29.0 84.0 79.0 0.0 26.0 51.0 43.0 43.0 90.0 41.0 20.0 53.0 49.0 63.0 43.0 40.0 60.0 16.0 37.0 10.0 54.0 33.0 77.0 55.0 17.0 71.0 51.0 59.0 66.0 26.0 0.0 42.0 41.0 46.0 70.0 22.0 13.0 28.0 25.0 49.0 51.0 38.0 67.0 38.0 13.0 33.0 33.0 10.0 67.0 48.0 29.0 57.0 42.0 58.0 29.0 51.0 42.0 0.0 13.0 23.0 47.0 25.0 52.0 46.0 39.0 15.0 32.0 15.0 39.0 49.0 50.0 51.0 28.0 35.0 27.0 8.0 37.0 23.0 0.0 69.0 41.0 43.0 41.0 13.0 0.0 10.0 60.0 30.0 49.0 52.0 45.0 28.0 19.0 4.0 30.0 38.0 51.0 41.0 38.0 36.0 36.0 14.0 27.0 36.0 13.0 79.0 48.0 43.0 46.0 23.0 10.0 0.0 69.0 39.0 53.0 61.0 54.0 37.0 10.0 11.0 22.0 35.0 58.0 39.0 47.0 43.0 42.0 22.0 26.0 45.0 23.0 35.0 27.0 90.0 70.0 47.0 60.0 69.0 0.0 50.0 83.0 53.0 50.0 32.0 78.0 61.0 80.0 93.0 70.0 93.0 38.0 61.0 37.0 48.0 80.0 25.0 47.0 45.0 45.0 41.0 22.0 25.0 30.0 39.0 50.0 0.0 34.0 23.0 16.0 28.0 47.0 28.0 59.0 48.0 26.0 46.0 14.0 13.0 48.0 32.0 35.0 35.0 25.0 69.0 78.0 20.0 13.0 52.0 49.0 53.0 83.0 34.0 0.0 37.0 36.0 60.0 56.0 46.0 73.0 35.0 19.0 30.0 45.0 22.0 78.0 58.0 31.0 68.0 52.0 33.0 59.0 53.0 28.0 46.0 52.0 61.0 53.0 23.0 37.0 0.0 7.0 45.0 68.0 50.0 81.0 63.0 20.0 60.0 20.0 22.0 65.0 53.0 52.0 49.0 46.0 35.0 53.0 49.0 25.0 39.0 45.0 54.0 50.0 16.0 36.0 7.0 0.0 38.0 62.0 44.0 75.0 59.0 20.0 56.0 15.0 18.0 59.0 46.0 47.0 43.0 39.0 49.0 18.0 63.0 49.0 15.0 28.0 37.0 32.0 28.0 60.0 45.0 38.0 0.0 46.0 29.0 50.0 63.0 54.0 64.0 25.0 40.0 21.0 16.0 50.0 9.0 15.0 88.0 56.0 43.0 51.0 32.0 19.0 10.0 78.0 47.0 56.0 68.0 62.0 46.0 0.0 20.0 17.0 32.0 63.0 37.0 56.0 49.0 49.0 31.0 27.0 53.0 32.0 69.0 43.0 40.0 38.0 15.0 4.0 11.0 61.0 28.0 46.0 50.0 44.0 29.0 20.0 0.0 32.0 36.0 48.0 38.0 37.0 33.0 39.0 17.0 24.0 38.0 15.0 97.0 56.0 60.0 67.0 39.0 30.0 22.0 80.0 59.0 73.0 81.0 75.0 50.0 17.0 32.0 0.0 48.0 78.0 53.0 66.0 64.0 47.0 34.0 44.0 56.0 39.0 92.0 78.0 16.0 38.0 49.0 38.0 35.0 93.0 48.0 35.0 63.0 59.0 63.0 32.0 36.0 48.0 0.0 50.0 7.0 61.0 42.0 74.0 52.0 14.0 72.0 49.0 52.0 70.0 37.0 13.0 50.0 51.0 58.0 70.0 26.0 19.0 20.0 20.0 54.0 63.0 48.0 78.0 50.0 0.0 45.0 33.0 16.0 73.0 56.0 42.0 60.0 50.0 90.0 80.0 10.0 33.0 51.0 41.0 39.0 93.0 46.0 30.0 60.0 56.0 64.0 37.0 38.0 53.0 7.0 45.0 0.0 59.0 39.0 76.0 54.0 15.0 73.0 51.0 33.0 39.0 54.0 33.0 28.0 38.0 47.0 38.0 14.0 45.0 20.0 15.0 25.0 56.0 37.0 66.0 61.0 33.0 59.0 0.0 24.0 45.0 35.0 48.0 29.0 28.0 52.0 57.0 33.0 10.0 35.0 36.0 43.0 61.0 13.0 22.0 22.0 18.0 40.0 49.0 33.0 64.0 42.0 16.0 39.0 24.0 0.0 59.0 42.0 31.0 48.0 35.0 64.0 11.0 77.0 67.0 27.0 36.0 42.0 37.0 48.0 78.0 65.0 59.0 21.0 49.0 39.0 47.0 74.0 73.0 76.0 45.0 59.0 0.0 22.0 62.0 18.0 27.0 63.0 27.0 55.0 48.0 8.0 14.0 22.0 48.0 32.0 58.0 53.0 46.0 16.0 31.0 17.0 34.0 52.0 56.0 54.0 35.0 42.0 22.0 0.0 40.0 24.0 8.0 79.0 65.0 17.0 29.0 37.0 27.0 26.0 80.0 35.0 31.0 52.0 47.0 50.0 27.0 24.0 44.0 14.0 42.0 15.0 48.0 31.0 62.0 40.0 0.0 59.0 37.0 47.0 11.0 71.0 57.0 23.0 36.0 45.0 25.0 35.0 68.0 49.0 43.0 9.0 53.0 38.0 56.0 72.0 60.0 73.0 29.0 48.0 18.0 24.0 59.0 0.0 23.0 58.0 29.0 51.0 42.0 0.0 13.0 23.0 47.0 25.0 52.0 46.0 39.0 15.0 32.0 15.0 39.0 49.0 50.0 51.0 28.0 35.0 27.0 8.0 37.0 23.0 0.0 
9 15 14 11 
2 18 26 66 85 14 60 10 50 50 63 50 72 54 4 52 46 26 69 2 33 8 36 14 36 52 81 56 64 47 81 73 93 27 51 1 91 21 33 28 53 16 35 72 51 57 80 30 28 56 50 50 