4 20 1 4 3 217 65 434 125 10 20
22 13 0 0 15 15 0 0 0 0 25 17 0 0 21 12 
3 0 0 0 5 0 0 1 1 5 0 0 0 0 0 4 5 0 0 0 0 1 5 0 1 0 4 1 0 0 0 3 4 3 4 0 0 0 0 4 1 0 0 0 0 4 1 0 0 0 1 1 0 5 5 0 5 0 0 0 0 0 2 0 0 0 3 0 1 4 1 0 0 0 0 3 4 0 0 5 
0 1 0 1 0 0 1 1 0 1 0 1 0 1 1 0 0 0 1 1 1 1 0 0 0 0 0 1 0 1 1 0 0 0 1 1 0 0 0 1 
1 1 1 1 1 1 1 1 1 1 1 1 1 1 1 1 1 1 1 1 1 1 1 1 1 1 1 1 1 1 1 1 1 1 1 1 1 1 1 1 1 1 1 1 1 1 1 1 1 1 1 1 1 1 1 1 1 1 1 1 1 1 1 1 1 1 1 1 1 1 1 1 1 1 1 1 1 1 1 1 1 1 1 1 1 1 1 1 1 1 1 1 1 1 1 1 1 1 1 1 1 1 1 1 1 1 1 1 1 1 1 1 1 1 1 1 1 1 1 1 1 1 1 1 1 1 1 1 1 1 1 1 1 1 1 1 1 1 1 1 1 1 1 1 1 1 1 1 1 1 1 1 1 1 1 1 1 1 1 1 1 1 1 1 1 1 1 1 1 1 1 1 1 1 1 1 1 1 1 1 1 1 1 1 1 1 1 1 1 1 1 1 1 1 1 1 1 1 1 1 
2 3 0 0 0 0 0 0 3 10 0 0 0 0 7 8 5 10 1 3 0 0 0 0 0 0 0 0 0 0 6 10 9 10 0 0 0 0 0 0 0 0 10 10 1 6 0 0 6 7 0 0 10 10 1 6 0 0 0 0 0 0 10 10 6 7 8 10 9 10 0 0 0 0 0 0 0 0 10 10 6 10 0 0 0 0 0 0 0 0 3 3 6 8 0 0 0 0 0 0 8 9 6 10 0 0 5 5 2 3 0 0 10 10 0 0 0 0 0 0 0 0 0 0 5 6 0 0 0 0 0 0 2 5 0 0 7 7 8 10 9 10 0 0 0 0 0 0 0 0 1 8 2 6 0 0 0 0 3 6 
4 7 10 6 
0.0 25.0 9.0 59.0 8.0 51.0 63.0 30.0 36.0 45.0 26.0 61.0 55.0 22.0 44.0 39.0 66.0 56.0 35.0 24.0 57.0 37.0 58.0 14.0 53.0 8.0 25.0 0.0 27.0 74.0 33.0 58.0 88.0 55.0 39.0 35.0 50.0 86.0 57.0 11.0 57.0 55.0 85.0 75.0 10.0 13.0 75.0 20.0 82.0 23.0 71.0 33.0 9.0 27.0 0.0 52.0 12.0 43.0 66.0 35.0 28.0 39.0 30.0 63.0 63.0 19.0 36.0 47.0 60.0 51.0 35.0 29.0 63.0 42.0 56.0 22.0 47.0 12.0 59.0 74.0 52.0 0.0 56.0 25.0 74.0 63.0 39.0 60.0 62.0 69.0 112.0 64.0 19.0 87.0 16.0 16.0 79.0 80.0 97.0 92.0 42.0 73.0 13.0 56.0 8.0 33.0 12.0 56.0 0.0 51.0 56.0 24.0 38.0 50.0 20.0 54.0 56.0 29.0 42.0 36.0 62.0 51.0 42.0 31.0 52.0 44.0 51.0 18.0 49.0 0.0 51.0 58.0 43.0 25.0 51.0 0.0 87.0 67.0 20.0 36.0 65.0 83.0 105.0 48.0 14.0 87.0 40.0 37.0 61.0 67.0 101.0 78.0 60.0 64.0 32.0 51.0 63.0 88.0 66.0 74.0 56.0 87.0 0.0 34.0 84.0 102.0 38.0 5.0 81.0 84.0 73.0 49.0 66.0 59.0 98.0 82.0 41.0 94.0 35.0 68.0 62.0 56.0 30.0 55.0 35.0 63.0 24.0 67.0 34.0 0.0 58.0 73.0 5.0 32.0 57.0 52.0 54.0 27.0 63.0 52.0 65.0 49.0 35.0 61.0 40.0 34.0 52.0 24.0 36.0 39.0 28.0 39.0 38.0 20.0 84.0 58.0 0.0 22.0 54.0 80.0 88.0 29.0 22.0 74.0 53.0 46.0 42.0 48.0 89.0 59.0 63.0 47.0 41.0 38.0 45.0 35.0 39.0 60.0 50.0 36.0 102.0 73.0 22.0 0.0 69.0 99.0 91.0 28.0 43.0 83.0 74.0 68.0 32.0 47.0 101.0 53.0 84.0 52.0 62.0 50.0 26.0 50.0 30.0 62.0 20.0 65.0 38.0 5.0 54.0 69.0 0.0 37.0 55.0 47.0 53.0 26.0 63.0 53.0 60.0 45.0 37.0 57.0 43.0 30.0 52.0 20.0 61.0 86.0 63.0 69.0 54.0 83.0 5.0 32.0 80.0 99.0 37.0 0.0 82.0 82.0 69.0 50.0 61.0 54.0 95.0 81.0 44.0 93.0 30.0 66.0 57.0 54.0 55.0 57.0 63.0 112.0 56.0 105.0 81.0 57.0 88.0 91.0 55.0 82.0 0.0 64.0 98.0 32.0 116.0 105.0 63.0 44.0 45.0 44.0 96.0 42.0 103.0 56.0 22.0 11.0 19.0 64.0 29.0 48.0 84.0 52.0 29.0 28.0 47.0 82.0 64.0 0.0 46.0 57.0 75.0 66.0 17.0 21.0 76.0 30.0 74.0 25.0 62.0 29.0 44.0 57.0 36.0 19.0 42.0 14.0 73.0 54.0 22.0 43.0 53.0 69.0 98.0 46.0 0.0 76.0 31.0 26.0 61.0 63.0 89.0 75.0 46.0 57.0 20.0 42.0 39.0 55.0 47.0 87.0 36.0 87.0 49.0 27.0 74.0 83.0 26.0 50.0 32.0 57.0 76.0 0.0 89.0 78.0 65.0 45.0 20.0 53.0 66.0 33.0 77.0 36.0 66.0 85.0 60.0 16.0 62.0 40.0 66.0 63.0 53.0 74.0 63.0 61.0 116.0 75.0 31.0 89.0 0.0 11.0 90.0 89.0 95.0 102.0 33.0 79.0 14.0 62.0 56.0 75.0 51.0 16.0 51.0 37.0 59.0 52.0 46.0 68.0 53.0 54.0 105.0 66.0 26.0 78.0 11.0 0.0 82.0 79.0 85.0 92.0 26.0 69.0 6.0 51.0 35.0 10.0 35.0 79.0 42.0 61.0 98.0 65.0 42.0 32.0 60.0 95.0 63.0 17.0 61.0 65.0 90.0 82.0 0.0 21.0 84.0 22.0 90.0 33.0 77.0 42.0 24.0 13.0 29.0 80.0 31.0 67.0 82.0 49.0 48.0 47.0 45.0 81.0 44.0 21.0 63.0 45.0 89.0 79.0 21.0 0.0 65.0 14.0 81.0 15.0 75.0 31.0 57.0 75.0 63.0 97.0 52.0 101.0 41.0 35.0 89.0 101.0 37.0 44.0 45.0 76.0 89.0 20.0 95.0 85.0 84.0 65.0 0.0 73.0 67.0 52.0 85.0 52.0 37.0 20.0 42.0 92.0 44.0 78.0 94.0 61.0 59.0 53.0 57.0 93.0 44.0 30.0 75.0 53.0 102.0 92.0 22.0 14.0 73.0 0.0 94.0 28.0 88.0 44.0 58.0 82.0 56.0 42.0 51.0 60.0 35.0 40.0 63.0 84.0 43.0 30.0 96.0 74.0 46.0 66.0 33.0 26.0 90.0 81.0 67.0 94.0 0.0 68.0 30.0 51.0 14.0 23.0 22.0 73.0 18.0 64.0 68.0 34.0 47.0 52.0 30.0 66.0 42.0 25.0 57.0 33.0 79.0 69.0 33.0 15.0 52.0 28.0 68.0 0.0 66.0 18.0 53.0 71.0 47.0 13.0 49.0 32.0 62.0 52.0 41.0 62.0 52.0 57.0 103.0 62.0 20.0 77.0 14.0 6.0 77.0 75.0 85.0 88.0 30.0 66.0 0.0 49.0 8.0 33.0 12.0 56.0 0.0 51.0 56.0 24.0 38.0 50.0 20.0 54.0 56.0 29.0 42.0 36.0 62.0 51.0 42.0 31.0 52.0 44.0 51.0 18.0 49.0 0.0 
13 9 14 6 
43 48 19 41 45 40 84 6 50 50 60 0 98 78 67 66 46 13 25 7 63 64 98 73 20 97 27 34 67 12 50 86 98 12 91 20 11 35 20 53 64 100 7 56 100 44 34 58 86 18 50 50 