4 20 1 4 3 187 65 373 125 10 20
19 20 0 0 35 28 0 0 0 0 16 13 0 0 16 15 
5 0 2 0 1 0 0 1 0 3 0 0 5 0 4 0 1 0 0 5 0 5 4 5 0 2 1 5 5 0 0 2 2 0 0 0 5 5 0 0 0 3 0 5 0 3 2 0 0 2 0 0 3 3 0 0 1 0 0 0 5 1 0 2 0 0 1 0 0 0 3 0 3 3 0 0 1 5 2 0 
1 0 1 1 1 1 1 0 0 1 0 1 0 0 1 1 1 0 1 0 0 1 1 1 1 1 1 1 0 0 1 1 1 1 1 1 0 1 0 0 
1 1 1 1 1 1 1 1 1 1 1 1 1 1 1 1 1 1 1 1 1 1 1 1 1 1 1 1 1 1 1 1 1 1 1 1 1 1 1 1 1 1 1 1 1 1 1 1 1 1 1 1 1 1 1 1 1 1 1 1 1 1 1 1 1 1 1 1 1 1 1 1 1 1 1 1 1 1 1 1 1 1 1 1 1 1 1 1 1 1 1 1 1 1 1 1 1 1 1 1 1 1 1 1 1 1 1 1 1 1 1 1 1 1 1 1 1 1 1 1 1 1 1 1 1 1 1 1 1 1 1 1 1 1 1 1 1 1 1 1 1 1 1 1 1 1 1 1 1 1 1 1 1 1 1 1 1 1 1 1 1 1 1 1 1 1 1 1 1 1 1 1 1 1 1 1 1 1 1 1 1 1 1 1 1 1 1 1 1 1 1 1 1 1 1 1 1 1 1 1 
9 10 0 0 3 6 0 0 1 5 0 0 0 0 6 6 0 0 8 10 0 0 0 0 5 10 0 0 2 8 0 0 8 9 0 0 0 0 9 9 0 0 8 9 7 9 10 10 0 0 2 2 10 10 10 10 6 9 0 0 0 0 1 8 5 6 0 0 0 0 0 0 7 9 7 8 0 0 0 0 0 0 9 10 0 0 2 8 0 0 10 10 7 8 0 0 0 0 1 5 0 0 0 0 3 3 2 6 0 0 0 0 3 4 0 0 0 0 0 0 10 10 10 10 0 0 7 9 0 0 0 0 10 10 0 0 0 0 0 0 2 7 0 0 4 9 7 9 0 0 0 0 6 10 10 10 2 8 0 0 
9 4 8 7 
0.0 120.0 89.0 44.0 61.0 80.0 21.0 12.0 77.0 42.0 7.0 78.0 71.0 77.0 86.0 10.0 41.0 6.0 72.0 105.0 112.0 97.0 89.0 60.0 25.0 61.0 120.0 0.0 41.0 78.0 60.0 43.0 103.0 121.0 90.0 98.0 119.0 46.0 63.0 61.0 75.0 111.0 95.0 121.0 57.0 19.0 12.0 26.0 78.0 78.0 107.0 60.0 89.0 41.0 0.0 46.0 35.0 13.0 76.0 92.0 51.0 60.0 86.0 37.0 55.0 58.0 77.0 79.0 76.0 89.0 18.0 22.0 40.0 15.0 81.0 38.0 82.0 35.0 44.0 78.0 46.0 0.0 20.0 37.0 31.0 47.0 53.0 30.0 42.0 39.0 41.0 48.0 64.0 34.0 37.0 44.0 31.0 62.0 70.0 54.0 68.0 29.0 38.0 20.0 61.0 60.0 35.0 20.0 0.0 24.0 44.0 62.0 61.0 48.0 60.0 20.0 27.0 33.0 52.0 51.0 41.0 62.0 27.0 47.0 52.0 39.0 56.0 38.0 48.0 0.0 80.0 43.0 13.0 37.0 24.0 0.0 66.0 83.0 55.0 56.0 79.0 25.0 43.0 47.0 65.0 71.0 64.0 81.0 16.0 26.0 38.0 17.0 70.0 37.0 71.0 24.0 21.0 103.0 76.0 31.0 44.0 66.0 0.0 18.0 76.0 44.0 24.0 59.0 51.0 57.0 66.0 16.0 21.0 26.0 61.0 90.0 94.0 82.0 69.0 55.0 9.0 44.0 12.0 121.0 92.0 47.0 62.0 83.0 18.0 0.0 86.0 51.0 18.0 77.0 67.0 73.0 80.0 17.0 34.0 18.0 77.0 107.0 112.0 99.0 82.0 68.0 18.0 62.0 77.0 90.0 51.0 53.0 61.0 55.0 76.0 86.0 0.0 36.0 72.0 76.0 88.0 93.0 112.0 70.0 88.0 74.0 39.0 72.0 90.0 66.0 116.0 25.0 84.0 61.0 42.0 98.0 60.0 30.0 48.0 56.0 44.0 51.0 36.0 0.0 36.0 67.0 71.0 78.0 94.0 35.0 59.0 39.0 42.0 80.0 93.0 72.0 98.0 23.0 52.0 48.0 7.0 119.0 86.0 42.0 60.0 79.0 24.0 18.0 72.0 36.0 0.0 78.0 73.0 80.0 90.0 10.0 45.0 3.0 69.0 104.0 111.0 96.0 93.0 56.0 29.0 60.0 78.0 46.0 37.0 39.0 20.0 25.0 59.0 77.0 76.0 67.0 78.0 0.0 20.0 22.0 41.0 69.0 50.0 80.0 38.0 38.0 36.0 32.0 45.0 54.0 62.0 20.0 71.0 63.0 55.0 41.0 27.0 43.0 51.0 67.0 88.0 71.0 73.0 20.0 0.0 7.0 25.0 63.0 36.0 74.0 52.0 57.0 51.0 51.0 29.0 64.0 51.0 27.0 77.0 61.0 58.0 48.0 33.0 47.0 57.0 73.0 93.0 78.0 80.0 22.0 7.0 0.0 20.0 70.0 41.0 81.0 57.0 57.0 50.0 52.0 24.0 70.0 57.0 33.0 86.0 75.0 77.0 64.0 52.0 65.0 66.0 80.0 112.0 94.0 90.0 41.0 25.0 20.0 0.0 81.0 47.0 91.0 76.0 74.0 63.0 70.0 5.0 88.0 63.0 52.0 10.0 111.0 79.0 34.0 51.0 71.0 16.0 17.0 70.0 35.0 10.0 69.0 63.0 70.0 81.0 0.0 36.0 12.0 63.0 96.0 103.0 88.0 84.0 52.0 22.0 51.0 41.0 95.0 76.0 37.0 41.0 64.0 21.0 34.0 88.0 59.0 45.0 50.0 36.0 41.0 47.0 36.0 0.0 46.0 64.0 85.0 85.0 78.0 49.0 65.0 17.0 41.0 6.0 121.0 89.0 44.0 62.0 81.0 26.0 18.0 74.0 39.0 3.0 80.0 74.0 81.0 91.0 12.0 46.0 0.0 72.0 106.0 113.0 98.0 94.0 58.0 30.0 62.0 72.0 57.0 18.0 31.0 27.0 16.0 61.0 77.0 39.0 42.0 69.0 38.0 52.0 57.0 76.0 63.0 64.0 72.0 0.0 39.0 53.0 31.0 80.0 21.0 68.0 27.0 105.0 19.0 22.0 62.0 47.0 26.0 90.0 107.0 72.0 80.0 104.0 38.0 57.0 57.0 74.0 96.0 85.0 106.0 39.0 0.0 20.0 9.0 77.0 60.0 94.0 47.0 112.0 12.0 40.0 70.0 52.0 38.0 94.0 112.0 90.0 93.0 111.0 36.0 51.0 50.0 63.0 103.0 85.0 113.0 53.0 20.0 0.0 25.0 66.0 74.0 97.0 52.0 97.0 26.0 15.0 54.0 39.0 17.0 82.0 99.0 66.0 72.0 96.0 32.0 51.0 52.0 70.0 88.0 78.0 98.0 31.0 9.0 25.0 0.0 74.0 52.0 87.0 39.0 89.0 78.0 81.0 68.0 56.0 70.0 69.0 82.0 116.0 98.0 93.0 45.0 29.0 24.0 5.0 84.0 49.0 94.0 80.0 77.0 66.0 74.0 0.0 93.0 66.0 56.0 60.0 78.0 38.0 29.0 38.0 37.0 55.0 68.0 25.0 23.0 56.0 54.0 64.0 70.0 88.0 52.0 65.0 58.0 21.0 60.0 74.0 52.0 93.0 0.0 63.0 38.0 25.0 107.0 82.0 38.0 48.0 71.0 9.0 18.0 84.0 52.0 29.0 62.0 51.0 57.0 63.0 22.0 17.0 30.0 68.0 94.0 97.0 87.0 66.0 63.0 0.0 48.0 61.0 60.0 35.0 20.0 0.0 24.0 44.0 62.0 61.0 48.0 60.0 20.0 27.0 33.0 52.0 51.0 41.0 62.0 27.0 47.0 52.0 39.0 56.0 38.0 48.0 0.0 
13 10 4 1 
8 93 95 11 85 50 43 68 50 50 73 47 13 73 0 85 84 100 49 97 13 97 54 31 35 28 35 21 21 8 16 88 10 53 11 98 73 63 91 29 83 11 85 35 18 5 67 83 6 69 50 50 