4 20 1 4 3 233 65 466 125 10 20
20 5 0 0 21 7 0 0 0 0 22 26 0 0 33 21 
0 0 1 0 0 0 1 3 0 0 0 3 0 1 4 0 0 0 4 0 3 1 0 3 4 0 0 0 2 0 0 0 1 2 5 3 1 0 2 5 0 1 4 0 1 1 0 3 1 1 0 5 5 0 5 0 0 0 1 0 1 0 3 0 0 0 0 5 3 0 3 5 2 0 0 0 3 0 0 3 
0 1 1 1 0 0 0 0 0 0 1 1 1 0 0 1 0 1 0 0 1 0 1 0 0 0 1 1 1 1 1 0 1 1 1 1 0 0 1 0 
1 1 1 1 1 1 1 1 1 1 1 1 1 1 1 1 1 1 1 1 1 1 1 1 1 1 1 1 1 1 1 1 1 1 1 1 1 1 1 1 1 1 1 1 1 1 1 1 1 1 1 1 1 1 1 1 1 1 1 1 1 1 1 1 1 1 1 1 1 1 1 1 1 1 1 1 1 1 1 1 1 1 1 1 1 1 1 1 1 1 1 1 1 1 1 1 1 1 1 1 1 1 1 1 1 1 1 1 1 1 1 1 1 1 1 1 1 1 1 1 1 1 1 1 1 1 1 1 1 1 1 1 1 1 1 1 1 1 1 1 1 1 1 1 1 1 1 1 1 1 1 1 1 1 1 1 1 1 1 1 1 1 1 1 1 1 1 1 1 1 1 1 1 1 1 1 1 1 1 1 1 1 1 1 1 1 1 1 1 1 1 1 1 1 1 1 1 1 1 1 
0 0 0 0 8 9 0 0 0 0 0 0 1 9 2 2 0 0 0 0 0 0 9 10 0 0 3 8 1 6 0 0 0 0 0 0 6 9 0 0 3 3 8 9 0 0 3 7 6 7 0 0 0 0 0 0 10 10 0 0 0 0 0 0 2 7 3 6 9 10 6 8 1 7 0 0 10 10 5 10 0 0 6 10 9 10 0 0 10 10 10 10 0 0 6 8 7 10 5 6 0 0 2 2 7 8 0 0 7 9 0 0 0 0 0 0 1 10 0 0 7 8 0 0 4 8 0 0 0 0 0 0 0 0 2 8 4 10 0 0 9 10 9 10 4 4 0 0 0 0 0 0 3 7 0 0 0 0 6 10 
2 5 5 10 
0.0 48.0 87.0 68.0 49.0 39.0 63.0 95.0 17.0 87.0 52.0 92.0 42.0 87.0 68.0 56.0 56.0 20.0 73.0 94.0 58.0 20.0 41.0 69.0 84.0 49.0 48.0 0.0 72.0 36.0 47.0 43.0 32.0 89.0 34.0 104.0 71.0 78.0 7.0 55.0 25.0 70.0 20.0 31.0 61.0 100.0 43.0 29.0 59.0 69.0 77.0 47.0 87.0 72.0 0.0 39.0 39.0 49.0 41.0 22.0 87.0 62.0 56.0 7.0 70.0 32.0 57.0 48.0 53.0 71.0 15.0 46.0 32.0 75.0 55.0 28.0 15.0 39.0 68.0 36.0 39.0 0.0 34.0 39.0 5.0 60.0 61.0 87.0 63.0 45.0 36.0 20.0 18.0 58.0 16.0 49.0 33.0 77.0 21.0 50.0 55.0 48.0 49.0 34.0 49.0 47.0 39.0 34.0 0.0 11.0 32.0 48.0 51.0 58.0 30.0 43.0 43.0 47.0 47.0 26.0 35.0 35.0 24.0 54.0 15.0 40.0 22.0 24.0 36.0 0.0 39.0 43.0 49.0 39.0 11.0 0.0 35.0 58.0 42.0 62.0 29.0 53.0 38.0 54.0 48.0 28.0 36.0 26.0 35.0 61.0 22.0 31.0 18.0 33.0 46.0 11.0 63.0 32.0 41.0 5.0 32.0 35.0 0.0 61.0 56.0 86.0 61.0 47.0 32.0 25.0 18.0 57.0 13.0 44.0 34.0 77.0 19.0 46.0 52.0 47.0 50.0 32.0 95.0 89.0 22.0 60.0 48.0 58.0 61.0 0.0 99.0 47.0 53.0 18.0 86.0 54.0 77.0 46.0 72.0 83.0 28.0 27.0 47.0 87.0 58.0 27.0 13.0 48.0 17.0 34.0 87.0 61.0 51.0 42.0 56.0 99.0 0.0 98.0 62.0 92.0 29.0 81.0 57.0 64.0 47.0 17.0 74.0 101.0 56.0 12.0 49.0 74.0 87.0 51.0 87.0 104.0 62.0 87.0 58.0 62.0 86.0 47.0 98.0 0.0 36.0 61.0 99.0 90.0 103.0 35.0 92.0 83.0 57.0 22.0 68.0 89.0 49.0 40.0 48.0 58.0 52.0 71.0 56.0 63.0 30.0 29.0 61.0 53.0 62.0 36.0 0.0 57.0 66.0 74.0 76.0 8.0 64.0 48.0 43.0 43.0 43.0 53.0 14.0 29.0 45.0 30.0 92.0 78.0 7.0 45.0 43.0 53.0 47.0 18.0 92.0 61.0 57.0 0.0 76.0 37.0 63.0 50.0 59.0 76.0 19.0 43.0 37.0 81.0 58.0 29.0 14.0 43.0 42.0 7.0 70.0 36.0 43.0 38.0 32.0 86.0 29.0 99.0 66.0 76.0 0.0 56.0 29.0 65.0 20.0 25.0 59.0 96.0 40.0 23.0 53.0 65.0 74.0 43.0 87.0 55.0 32.0 20.0 47.0 54.0 25.0 54.0 81.0 90.0 74.0 37.0 56.0 0.0 33.0 68.0 36.0 68.0 34.0 76.0 33.0 70.0 68.0 51.0 45.0 47.0 68.0 25.0 57.0 18.0 47.0 48.0 18.0 77.0 57.0 103.0 76.0 63.0 29.0 33.0 0.0 72.0 14.0 49.0 51.0 94.0 36.0 49.0 65.0 64.0 66.0 47.0 56.0 70.0 48.0 58.0 26.0 28.0 57.0 46.0 64.0 35.0 8.0 50.0 65.0 68.0 72.0 0.0 60.0 49.0 36.0 39.0 38.0 55.0 16.0 22.0 38.0 26.0 56.0 20.0 53.0 16.0 35.0 36.0 13.0 72.0 47.0 92.0 64.0 59.0 20.0 36.0 14.0 60.0 0.0 37.0 44.0 86.0 27.0 37.0 53.0 55.0 60.0 35.0 20.0 31.0 71.0 49.0 35.0 26.0 44.0 83.0 17.0 83.0 48.0 76.0 25.0 68.0 49.0 49.0 37.0 0.0 58.0 85.0 41.0 6.0 35.0 58.0 71.0 35.0 73.0 61.0 15.0 33.0 24.0 35.0 34.0 28.0 74.0 57.0 43.0 19.0 59.0 34.0 51.0 36.0 44.0 58.0 0.0 44.0 20.0 62.0 42.0 18.0 16.0 24.0 94.0 100.0 46.0 77.0 54.0 61.0 77.0 27.0 101.0 22.0 43.0 43.0 96.0 76.0 94.0 39.0 86.0 85.0 44.0 0.0 60.0 91.0 54.0 31.0 31.0 54.0 58.0 43.0 32.0 21.0 15.0 22.0 19.0 47.0 56.0 68.0 43.0 37.0 40.0 33.0 36.0 38.0 27.0 41.0 20.0 60.0 0.0 44.0 36.0 29.0 35.0 15.0 20.0 29.0 75.0 50.0 40.0 31.0 46.0 87.0 12.0 89.0 53.0 81.0 23.0 70.0 49.0 55.0 37.0 6.0 62.0 91.0 44.0 0.0 40.0 62.0 75.0 40.0 41.0 59.0 55.0 55.0 22.0 18.0 52.0 58.0 49.0 49.0 14.0 58.0 53.0 68.0 65.0 16.0 53.0 35.0 42.0 54.0 36.0 40.0 0.0 32.0 48.0 22.0 69.0 69.0 28.0 48.0 24.0 33.0 47.0 27.0 74.0 40.0 29.0 29.0 65.0 51.0 64.0 22.0 55.0 58.0 18.0 31.0 29.0 62.0 32.0 0.0 17.0 24.0 84.0 77.0 15.0 49.0 36.0 46.0 50.0 13.0 87.0 48.0 45.0 14.0 74.0 45.0 66.0 38.0 60.0 71.0 16.0 31.0 35.0 75.0 48.0 17.0 0.0 36.0 49.0 47.0 39.0 34.0 0.0 11.0 32.0 48.0 51.0 58.0 30.0 43.0 43.0 47.0 47.0 26.0 35.0 35.0 24.0 54.0 15.0 40.0 22.0 24.0 36.0 0.0 
15 5 7 13 
27 93 74 90 72 19 83 56 50 50 45 59 80 59 57 3 42 100 11 8 22 42 71 13 68 88 95 40 91 72 28 38 78 71 44 84 63 30 31 0 64 49 46 89 29 53 46 27 58 15 50 50 