4 20 1 4 3 167 65 333 125 10 20
18 30 0 0 27 21 0 0 0 0 20 14 0 0 13 12 
5 4 2 0 2 5 5 2 1 0 0 0 4 0 0 0 0 1 1 0 0 0 0 2 0 0 3 0 0 2 3 4 2 2 0 0 0 2 0 1 0 3 0 0 5 0 1 0 0 4 1 0 0 0 0 1 0 0 0 4 3 0 3 0 5 2 2 1 5 3 0 0 0 4 0 4 4 1 0 1 
0 0 0 0 0 1 1 1 0 0 0 1 1 0 1 0 0 1 1 0 1 0 1 1 0 0 1 1 1 1 1 0 0 1 1 1 0 0 1 1 
1 1 1 1 1 1 1 1 1 1 1 1 1 1 1 1 1 1 1 1 1 1 1 1 1 1 1 1 1 1 1 1 1 1 1 1 1 1 1 1 1 1 1 1 1 1 1 1 1 1 1 1 1 1 1 1 1 1 1 1 1 1 1 1 1 1 1 1 1 1 1 1 1 1 1 1 1 1 1 1 1 1 1 1 1 1 1 1 1 1 1 1 1 1 1 1 1 1 1 1 1 1 1 1 1 1 1 1 1 1 1 1 1 1 1 1 1 1 1 1 1 1 1 1 1 1 1 1 1 1 1 1 1 1 1 1 1 1 1 1 1 1 1 1 1 1 1 1 1 1 1 1 1 1 1 1 1 1 1 1 1 1 1 1 1 1 1 1 1 1 1 1 1 1 1 1 1 1 1 1 1 1 1 1 1 1 1 1 1 1 1 1 1 1 1 1 1 1 1 1 
4 4 10 10 7 7 0 0 10 10 6 10 6 8 10 10 10 10 0 0 0 0 0 0 1 4 0 0 0 0 0 0 0 0 3 5 10 10 0 0 0 0 0 0 0 0 3 5 0 0 0 0 10 10 0 0 0 0 9 10 6 7 10 10 2 7 4 5 0 0 0 0 0 0 9 10 0 0 1 9 0 0 7 9 0 0 0 0 9 10 0 0 6 8 0 0 0 0 3 10 10 10 0 0 0 0 0 0 0 0 1 3 0 0 0 0 0 0 9 10 6 9 0 0 3 5 0 0 7 7 8 9 10 10 9 10 2 5 6 7 0 0 0 0 0 0 2 6 0 0 3 7 3 6 9 10 0 0 4 8 
6 8 4 9 
0.0 69.0 34.0 84.0 47.0 47.0 68.0 33.0 47.0 11.0 22.0 86.0 79.0 47.0 56.0 18.0 27.0 42.0 97.0 63.0 47.0 94.0 74.0 59.0 16.0 47.0 69.0 0.0 51.0 17.0 33.0 41.0 19.0 56.0 42.0 63.0 47.0 84.0 49.0 30.0 50.0 54.0 84.0 62.0 53.0 74.0 58.0 63.0 48.0 39.0 63.0 33.0 34.0 51.0 0.0 68.0 20.0 15.0 42.0 5.0 54.0 24.0 23.0 55.0 46.0 22.0 66.0 35.0 36.0 14.0 65.0 34.0 63.0 61.0 41.0 27.0 41.0 20.0 84.0 17.0 68.0 0.0 48.0 56.0 31.0 72.0 52.0 79.0 63.0 95.0 58.0 46.0 58.0 69.0 100.0 78.0 56.0 87.0 68.0 69.0 58.0 52.0 78.0 48.0 47.0 33.0 20.0 48.0 0.0 8.0 23.0 25.0 48.0 38.0 28.0 58.0 35.0 4.0 60.0 40.0 55.0 30.0 51.0 43.0 61.0 51.0 30.0 14.0 49.0 0.0 47.0 41.0 15.0 56.0 8.0 0.0 28.0 19.0 54.0 37.0 29.0 52.0 33.0 12.0 67.0 42.0 50.0 22.0 51.0 35.0 66.0 49.0 28.0 13.0 50.0 8.0 68.0 19.0 42.0 31.0 23.0 28.0 0.0 46.0 54.0 60.0 46.0 66.0 31.0 22.0 64.0 57.0 77.0 50.0 37.0 57.0 69.0 45.0 29.0 22.0 66.0 23.0 33.0 56.0 5.0 72.0 25.0 19.0 46.0 0.0 57.0 23.0 25.0 54.0 48.0 27.0 69.0 36.0 32.0 11.0 68.0 32.0 65.0 62.0 43.0 30.0 42.0 25.0 47.0 42.0 54.0 52.0 48.0 54.0 54.0 57.0 0.0 48.0 34.0 105.0 80.0 45.0 13.0 29.0 71.0 68.0 90.0 87.0 17.0 96.0 77.0 61.0 34.0 48.0 11.0 63.0 24.0 79.0 38.0 37.0 60.0 23.0 48.0 0.0 17.0 76.0 68.0 39.0 59.0 20.0 24.0 32.0 87.0 53.0 51.0 84.0 64.0 49.0 22.0 38.0 22.0 47.0 23.0 63.0 28.0 29.0 46.0 25.0 34.0 17.0 0.0 77.0 61.0 27.0 46.0 13.0 40.0 35.0 78.0 56.0 41.0 77.0 57.0 41.0 22.0 28.0 86.0 84.0 55.0 95.0 58.0 52.0 66.0 54.0 105.0 76.0 77.0 0.0 39.0 61.0 118.0 89.0 73.0 44.0 53.0 24.0 117.0 36.0 38.0 47.0 96.0 58.0 79.0 49.0 46.0 58.0 35.0 33.0 31.0 48.0 80.0 68.0 61.0 39.0 0.0 37.0 91.0 74.0 78.0 45.0 21.0 40.0 94.0 17.0 6.0 21.0 82.0 35.0 47.0 30.0 22.0 46.0 4.0 12.0 22.0 27.0 45.0 39.0 27.0 61.0 37.0 0.0 57.0 39.0 56.0 33.0 52.0 46.0 59.0 53.0 33.0 17.0 48.0 4.0 56.0 50.0 66.0 58.0 60.0 67.0 64.0 69.0 13.0 59.0 46.0 118.0 91.0 57.0 0.0 40.0 82.0 80.0 101.0 99.0 14.0 108.0 88.0 73.0 42.0 60.0 18.0 54.0 35.0 69.0 40.0 42.0 57.0 36.0 29.0 20.0 13.0 89.0 74.0 39.0 40.0 0.0 43.0 47.0 90.0 68.0 32.0 90.0 69.0 53.0 10.0 40.0 27.0 84.0 36.0 100.0 55.0 50.0 77.0 32.0 71.0 24.0 40.0 73.0 78.0 56.0 82.0 43.0 0.0 34.0 98.0 50.0 73.0 91.0 73.0 61.0 42.0 55.0 42.0 62.0 14.0 78.0 30.0 22.0 50.0 11.0 68.0 32.0 35.0 44.0 45.0 33.0 80.0 47.0 34.0 0.0 65.0 22.0 76.0 57.0 39.0 30.0 52.0 30.0 97.0 53.0 65.0 56.0 51.0 51.0 37.0 68.0 90.0 87.0 78.0 53.0 21.0 52.0 101.0 90.0 98.0 65.0 0.0 59.0 106.0 18.0 26.0 39.0 99.0 51.0 63.0 74.0 34.0 87.0 43.0 35.0 57.0 32.0 87.0 53.0 56.0 24.0 40.0 46.0 99.0 68.0 50.0 22.0 59.0 0.0 97.0 47.0 36.0 36.0 73.0 43.0 47.0 58.0 63.0 68.0 61.0 66.0 69.0 65.0 17.0 51.0 41.0 117.0 94.0 59.0 14.0 32.0 73.0 76.0 106.0 97.0 0.0 111.0 91.0 75.0 31.0 61.0 94.0 63.0 61.0 69.0 51.0 49.0 45.0 62.0 96.0 84.0 77.0 36.0 17.0 53.0 108.0 90.0 91.0 57.0 18.0 47.0 111.0 0.0 21.0 37.0 99.0 51.0 74.0 48.0 41.0 58.0 30.0 28.0 29.0 43.0 77.0 64.0 57.0 38.0 6.0 33.0 88.0 69.0 73.0 39.0 26.0 36.0 91.0 21.0 0.0 17.0 78.0 30.0 59.0 39.0 27.0 52.0 14.0 13.0 22.0 30.0 61.0 49.0 41.0 47.0 21.0 17.0 73.0 53.0 61.0 30.0 39.0 36.0 75.0 37.0 17.0 0.0 62.0 14.0 16.0 63.0 41.0 78.0 49.0 50.0 66.0 42.0 34.0 22.0 22.0 96.0 82.0 48.0 42.0 10.0 42.0 52.0 99.0 73.0 31.0 99.0 78.0 62.0 0.0 49.0 47.0 33.0 20.0 48.0 0.0 8.0 23.0 25.0 48.0 38.0 28.0 58.0 35.0 4.0 60.0 40.0 55.0 30.0 51.0 43.0 61.0 51.0 30.0 14.0 49.0 0.0 
3 12 8 8 
41 96 81 41 35 63 94 31 50 50 42 50 64 33 31 65 85 82 38 86 52 77 0 21 38 18 53 51 96 88 57 89 15 92 22 59 48 0 8 43 87 98 31 3 37 23 43 38 56 98 50 50 