6 10 1 4 3 183 65 366 125 10 10
8 8 0 0 9 5 0 0 9 7 0 0 0 0 13 7 0 0 21 16 0 0 21 21 
0 0 0 2 4 0 4 2 0 0 1 0 1 4 5 1 3 0 2 0 3 2 2 2 0 0 1 0 0 0 5 5 0 1 0 5 0 3 5 4 
0 1 1 0 1 0 1 0 0 1 1 1 1 1 0 1 1 1 0 1 0 0 0 1 1 1 0 0 0 0 0 0 1 1 1 1 1 0 0 0 1 1 0 1 0 0 1 0 1 0 1 1 1 0 0 0 1 0 1 1 
1 1 1 1 1 1 1 1 1 1 1 1 1 1 1 1 1 1 1 1 1 1 1 1 1 1 1 1 1 1 1 1 1 1 1 1 1 1 1 1 1 1 1 1 1 1 1 1 1 1 1 1 1 1 1 1 1 1 1 1 1 1 1 1 1 1 1 1 1 1 1 1 1 1 1 1 1 1 1 1 1 1 1 1 1 1 1 1 1 1 1 1 1 1 1 1 1 1 1 1 
0 0 0 0 0 0 3 7 10 10 0 0 7 10 9 10 0 0 0 0 4 8 0 0 10 10 1 5 4 6 5 6 1 4 0 0 5 5 0 0 3 7 4 9 3 9 5 8 0 0 0 0 3 6 0 0 0 0 0 0 4 8 10 10 0 0 2 5 0 0 6 10 0 0 5 10 8 10 3 4 
10 9 9 2 
0.0 79.0 3.0 72.0 58.0 19.0 37.0 38.0 57.0 30.0 10.0 54.0 20.0 15.0 67.0 71.0 20.0 37.0 79.0 0.0 81.0 30.0 55.0 97.0 43.0 46.0 74.0 50.0 84.0 56.0 89.0 69.0 83.0 40.0 78.0 43.0 3.0 81.0 0.0 74.0 59.0 17.0 39.0 39.0 59.0 32.0 8.0 55.0 20.0 17.0 69.0 74.0 21.0 39.0 72.0 30.0 74.0 0.0 29.0 89.0 44.0 35.0 89.0 51.0 74.0 31.0 88.0 59.0 99.0 64.0 79.0 44.0 58.0 55.0 59.0 29.0 0.0 72.0 44.0 29.0 93.0 48.0 56.0 4.0 76.0 43.0 104.0 79.0 71.0 44.0 19.0 97.0 17.0 89.0 72.0 0.0 55.0 55.0 68.0 48.0 16.0 68.0 21.0 31.0 76.0 88.0 30.0 55.0 37.0 43.0 39.0 44.0 44.0 55.0 0.0 16.0 50.0 8.0 43.0 41.0 47.0 29.0 61.0 42.0 37.0 0.0 38.0 46.0 39.0 35.0 29.0 55.0 16.0 0.0 65.0 20.0 40.0 25.0 53.0 25.0 76.0 55.0 46.0 16.0 57.0 74.0 59.0 89.0 93.0 68.0 50.0 65.0 0.0 46.0 66.0 90.0 48.0 63.0 12.0 40.0 39.0 50.0 30.0 50.0 32.0 51.0 48.0 48.0 8.0 20.0 46.0 0.0 37.0 44.0 39.0 25.0 57.0 45.0 30.0 8.0 10.0 84.0 8.0 74.0 56.0 16.0 43.0 40.0 66.0 37.0 0.0 52.0 26.0 16.0 76.0 80.0 29.0 43.0 54.0 56.0 55.0 31.0 4.0 68.0 41.0 25.0 90.0 44.0 52.0 0.0 72.0 39.0 101.0 77.0 67.0 41.0 20.0 89.0 20.0 88.0 76.0 21.0 47.0 53.0 48.0 39.0 26.0 72.0 0.0 34.0 56.0 72.0 12.0 47.0 15.0 69.0 17.0 59.0 43.0 31.0 29.0 25.0 63.0 25.0 16.0 39.0 34.0 0.0 74.0 69.0 31.0 29.0 67.0 83.0 69.0 99.0 104.0 76.0 61.0 76.0 12.0 57.0 76.0 101.0 56.0 74.0 0.0 46.0 49.0 61.0 71.0 40.0 74.0 64.0 79.0 88.0 42.0 55.0 40.0 45.0 80.0 77.0 72.0 69.0 46.0 0.0 61.0 42.0 20.0 78.0 21.0 79.0 71.0 30.0 37.0 46.0 39.0 30.0 29.0 67.0 12.0 31.0 49.0 61.0 0.0 37.0 37.0 43.0 39.0 44.0 44.0 55.0 0.0 16.0 50.0 8.0 43.0 41.0 47.0 29.0 61.0 42.0 37.0 0.0 
2 9 14 7 
77 74 23 17 79 75 51 7 78 17 90 87 50 50 62 40 23 91 53 57 86 72 78 21 70 92 77 59 15 99 9 54 61 85 50 50 