6 10 1 4 3 182 65 363 125 10 10
14 5 0 0 21 9 0 0 18 9 0 0 0 0 6 10 0 0 10 5 0 0 5 8 
1 2 2 5 2 2 0 0 4 0 0 0 4 0 0 1 0 0 2 0 4 0 0 4 5 5 0 0 0 0 0 2 0 0 4 0 2 0 2 0 
0 0 0 1 0 1 0 0 1 1 1 0 0 0 1 1 0 1 1 0 0 1 0 0 0 1 1 0 1 0 1 0 1 0 1 1 0 0 1 0 0 0 1 0 1 0 1 1 1 0 0 0 1 1 1 1 1 1 1 1 
1 1 1 1 1 1 1 1 1 1 1 1 1 1 1 1 1 1 1 1 1 1 1 1 1 1 1 1 1 1 1 1 1 1 1 1 1 1 1 1 1 1 1 1 1 1 1 1 1 1 1 1 1 1 1 1 1 1 1 1 1 1 1 1 1 1 1 1 1 1 1 1 1 1 1 1 1 1 1 1 1 1 1 1 1 1 1 1 1 1 1 1 1 1 1 1 1 1 1 1 
9 10 6 9 5 6 1 5 9 10 5 5 0 0 0 0 7 8 0 0 0 0 0 0 7 9 0 0 0 0 4 10 0 0 0 0 10 10 0 0 3 3 0 0 0 0 3 8 6 6 9 10 0 0 0 0 0 0 0 0 0 0 6 9 0 0 0 0 3 3 0 0 2 9 0 0 6 9 0 0 
1 6 2 3 
0.0 63.0 47.0 69.0 53.0 61.0 43.0 22.0 29.0 35.0 49.0 22.0 91.0 99.0 71.0 64.0 21.0 43.0 63.0 0.0 94.0 103.0 22.0 33.0 44.0 44.0 50.0 29.0 94.0 50.0 62.0 83.0 57.0 52.0 63.0 44.0 47.0 94.0 0.0 26.0 92.0 74.0 53.0 54.0 74.0 68.0 4.0 67.0 90.0 86.0 69.0 64.0 67.0 53.0 69.0 103.0 26.0 0.0 107.0 77.0 60.0 70.0 95.0 82.0 23.0 87.0 82.0 73.0 63.0 61.0 90.0 60.0 53.0 22.0 92.0 107.0 0.0 49.0 51.0 39.0 32.0 26.0 93.0 34.0 81.0 100.0 72.0 66.0 47.0 51.0 61.0 33.0 74.0 77.0 49.0 0.0 22.0 40.0 62.0 34.0 73.0 59.0 34.0 52.0 25.0 20.0 71.0 22.0 43.0 44.0 53.0 60.0 51.0 22.0 0.0 25.0 52.0 28.0 53.0 47.0 48.0 58.0 30.0 22.0 58.0 0.0 22.0 44.0 54.0 70.0 39.0 40.0 25.0 0.0 29.0 15.0 55.0 23.0 71.0 83.0 54.0 46.0 33.0 25.0 29.0 50.0 74.0 95.0 32.0 62.0 52.0 29.0 0.0 29.0 76.0 8.0 96.0 110.0 81.0 73.0 16.0 52.0 35.0 29.0 68.0 82.0 26.0 34.0 28.0 15.0 29.0 0.0 68.0 26.0 68.0 82.0 53.0 46.0 39.0 28.0 49.0 94.0 4.0 23.0 93.0 73.0 53.0 55.0 76.0 68.0 0.0 69.0 88.0 83.0 67.0 62.0 70.0 53.0 22.0 50.0 67.0 87.0 34.0 59.0 47.0 23.0 8.0 26.0 69.0 0.0 92.0 105.0 76.0 68.0 14.0 47.0 91.0 62.0 90.0 82.0 81.0 34.0 48.0 71.0 96.0 68.0 88.0 92.0 0.0 24.0 22.0 28.0 104.0 48.0 99.0 83.0 86.0 73.0 100.0 52.0 58.0 83.0 110.0 82.0 83.0 105.0 24.0 0.0 30.0 37.0 115.0 58.0 71.0 57.0 69.0 63.0 72.0 25.0 30.0 54.0 81.0 53.0 67.0 76.0 22.0 30.0 0.0 8.0 87.0 30.0 64.0 52.0 64.0 61.0 66.0 20.0 22.0 46.0 73.0 46.0 62.0 68.0 28.0 37.0 8.0 0.0 79.0 22.0 21.0 63.0 67.0 90.0 47.0 71.0 58.0 33.0 16.0 39.0 70.0 14.0 104.0 115.0 87.0 79.0 0.0 58.0 43.0 44.0 53.0 60.0 51.0 22.0 0.0 25.0 52.0 28.0 53.0 47.0 48.0 58.0 30.0 22.0 58.0 0.0 
9 15 14 11 
85 26 23 16 99 70 90 94 39 1 29 48 50 50 64 30 70 2 51 23 97 73 72 9 10 76 18 98 31 72 36 66 85 5 50 50 