6 10 1 4 3 142 65 284 125 10 10
8 11 0 0 15 7 0 0 13 16 0 0 0 0 3 19 0 0 8 14 0 0 5 8 
0 4 0 4 5 5 3 3 3 0 0 0 0 0 3 4 0 0 0 4 5 2 1 0 1 0 0 0 2 4 0 0 1 3 2 4 2 3 0 1 
0 1 0 1 1 1 1 0 0 0 1 1 1 1 0 0 1 0 0 0 1 1 1 0 0 1 1 0 1 0 1 1 0 1 1 1 0 1 1 1 1 1 0 0 1 0 0 0 0 0 1 1 1 0 0 0 1 0 1 0 
1 1 1 1 1 1 1 1 1 1 1 1 1 1 1 1 1 1 1 1 1 1 1 1 1 1 1 1 1 1 1 1 1 1 1 1 1 1 1 1 1 1 1 1 1 1 1 1 1 1 1 1 1 1 1 1 1 1 1 1 1 1 1 1 1 1 1 1 1 1 1 1 1 1 1 1 1 1 1 1 1 1 1 1 1 1 1 1 1 1 1 1 1 1 1 1 1 1 1 1 
0 0 2 5 0 0 8 9 6 8 10 10 2 3 4 5 4 8 0 0 0 0 0 0 0 0 0 0 5 6 6 8 0 0 0 0 0 0 1 9 1 2 1 2 10 10 0 0 2 5 0 0 0 0 0 0 10 10 9 10 0 0 0 0 7 10 10 10 7 10 2 4 9 10 9 10 0 0 4 5 
3 6 8 10 
0.0 79.0 46.0 26.0 4.0 13.0 49.0 57.0 23.0 65.0 106.0 95.0 20.0 59.0 61.0 36.0 76.0 49.0 79.0 0.0 93.0 95.0 76.0 73.0 58.0 82.0 59.0 108.0 83.0 82.0 69.0 115.0 58.0 49.0 33.0 58.0 46.0 93.0 0.0 28.0 47.0 57.0 36.0 21.0 45.0 20.0 77.0 64.0 34.0 24.0 43.0 69.0 72.0 36.0 26.0 95.0 28.0 0.0 28.0 38.0 49.0 45.0 38.0 43.0 100.0 88.0 26.0 35.0 59.0 58.0 83.0 49.0 4.0 76.0 47.0 28.0 0.0 11.0 47.0 57.0 20.0 66.0 104.0 94.0 18.0 61.0 59.0 33.0 73.0 47.0 13.0 73.0 57.0 38.0 11.0 0.0 52.0 65.0 22.0 76.0 109.0 100.0 26.0 71.0 64.0 26.0 74.0 52.0 49.0 58.0 36.0 49.0 47.0 52.0 0.0 25.0 31.0 50.0 58.0 48.0 30.0 59.0 13.0 49.0 37.0 0.0 57.0 82.0 21.0 45.0 57.0 65.0 25.0 0.0 48.0 27.0 57.0 44.0 40.0 41.0 26.0 69.0 57.0 25.0 23.0 59.0 45.0 38.0 20.0 22.0 31.0 48.0 0.0 64.0 88.0 79.0 13.0 65.0 43.0 24.0 54.0 31.0 65.0 108.0 20.0 43.0 66.0 76.0 50.0 27.0 64.0 0.0 77.0 63.0 53.0 19.0 53.0 87.0 84.0 50.0 106.0 83.0 77.0 100.0 104.0 109.0 58.0 57.0 88.0 77.0 0.0 14.0 87.0 94.0 46.0 101.0 51.0 58.0 95.0 82.0 64.0 88.0 94.0 100.0 48.0 44.0 79.0 63.0 14.0 0.0 76.0 81.0 37.0 94.0 50.0 48.0 20.0 69.0 34.0 26.0 18.0 26.0 30.0 40.0 13.0 53.0 87.0 76.0 0.0 53.0 42.0 35.0 60.0 30.0 59.0 115.0 24.0 35.0 61.0 71.0 59.0 41.0 65.0 19.0 94.0 81.0 53.0 0.0 65.0 88.0 95.0 59.0 61.0 58.0 43.0 59.0 59.0 64.0 13.0 26.0 43.0 53.0 46.0 37.0 42.0 65.0 0.0 58.0 31.0 13.0 36.0 49.0 69.0 58.0 33.0 26.0 49.0 69.0 24.0 87.0 101.0 94.0 35.0 88.0 58.0 0.0 58.0 49.0 76.0 33.0 72.0 83.0 73.0 74.0 37.0 57.0 54.0 84.0 51.0 50.0 60.0 95.0 31.0 58.0 0.0 37.0 49.0 58.0 36.0 49.0 47.0 52.0 0.0 25.0 31.0 50.0 58.0 48.0 30.0 59.0 13.0 49.0 37.0 0.0 
2 6 1 15 
90 77 13 94 81 32 98 53 87 78 85 88 50 50 61 28 68 75 83 13 7 12 20 13 75 65 100 19 40 43 61 97 16 62 50 50 