6 10 1 4 3 133 65 266 125 10 10
8 6 0 0 15 6 0 0 9 6 0 0 0 0 10 14 0 0 8 18 0 0 19 18 
0 3 0 2 0 0 3 4 4 0 1 0 0 0 5 3 5 1 5 4 2 0 2 5 5 2 1 0 0 0 4 0 0 0 0 1 1 0 0 0 
0 0 1 1 1 1 0 1 0 1 0 0 0 0 0 0 1 1 0 0 1 1 0 1 1 0 0 0 1 1 0 0 1 0 1 0 0 0 0 0 0 1 0 0 1 1 1 1 0 0 0 0 1 0 1 0 0 0 1 0 
1 1 1 1 1 1 1 1 1 1 1 1 1 1 1 1 1 1 1 1 1 1 1 1 1 1 1 1 1 1 1 1 1 1 1 1 1 1 1 1 1 1 1 1 1 1 1 1 1 1 1 1 1 1 1 1 1 1 1 1 1 1 1 1 1 1 1 1 1 1 1 1 1 1 1 1 1 1 1 1 1 1 1 1 1 1 1 1 1 1 1 1 1 1 1 1 1 1 1 1 
0 0 2 5 0 0 2 10 0 0 0 0 5 7 7 9 5 9 0 0 7 9 0 0 0 0 0 0 3 3 5 8 4 4 6 8 7 8 3 10 5 6 0 0 1 9 7 8 3 7 5 6 5 5 0 0 0 0 0 0 2 8 0 0 0 0 0 0 0 0 10 10 1 6 0 0 0 0 0 0 
3 1 4 9 
0.0 32.0 30.0 42.0 18.0 73.0 38.0 80.0 96.0 24.0 85.0 61.0 96.0 62.0 73.0 32.0 28.0 38.0 32.0 0.0 6.0 50.0 28.0 66.0 37.0 58.0 88.0 54.0 79.0 80.0 90.0 32.0 81.0 13.0 49.0 37.0 30.0 6.0 0.0 45.0 29.0 62.0 32.0 56.0 84.0 53.0 75.0 75.0 86.0 33.0 76.0 8.0 44.0 32.0 42.0 50.0 45.0 0.0 57.0 38.0 17.0 61.0 59.0 59.0 47.0 33.0 58.0 65.0 33.0 39.0 19.0 17.0 18.0 28.0 29.0 57.0 0.0 85.0 50.0 84.0 108.0 29.0 97.0 78.0 108.0 59.0 89.0 34.0 46.0 50.0 73.0 66.0 62.0 38.0 85.0 0.0 36.0 36.0 24.0 95.0 14.0 60.0 25.0 61.0 37.0 54.0 57.0 36.0 38.0 37.0 32.0 17.0 50.0 36.0 0.0 48.0 59.0 60.0 48.0 49.0 59.0 49.0 45.0 25.0 28.0 0.0 80.0 58.0 56.0 61.0 84.0 36.0 48.0 0.0 47.0 104.0 45.0 90.0 50.0 37.0 72.0 51.0 76.0 48.0 96.0 88.0 84.0 59.0 108.0 24.0 59.0 47.0 0.0 117.0 12.0 73.0 5.0 80.0 46.0 77.0 78.0 59.0 24.0 54.0 53.0 59.0 29.0 95.0 60.0 104.0 117.0 0.0 105.0 68.0 116.0 85.0 87.0 55.0 42.0 60.0 85.0 79.0 75.0 47.0 97.0 14.0 48.0 45.0 12.0 105.0 0.0 63.0 12.0 74.0 36.0 68.0 66.0 48.0 61.0 80.0 75.0 33.0 78.0 60.0 49.0 90.0 73.0 68.0 63.0 0.0 71.0 97.0 29.0 70.0 33.0 49.0 96.0 90.0 86.0 58.0 108.0 25.0 59.0 50.0 5.0 116.0 12.0 71.0 0.0 82.0 43.0 78.0 77.0 59.0 62.0 32.0 33.0 65.0 59.0 61.0 49.0 37.0 80.0 85.0 74.0 97.0 82.0 0.0 89.0 32.0 71.0 49.0 73.0 81.0 76.0 33.0 89.0 37.0 45.0 72.0 46.0 87.0 36.0 29.0 43.0 89.0 0.0 70.0 47.0 45.0 32.0 13.0 8.0 39.0 34.0 54.0 25.0 51.0 77.0 55.0 68.0 70.0 78.0 32.0 70.0 0.0 41.0 25.0 28.0 49.0 44.0 19.0 46.0 57.0 28.0 76.0 78.0 42.0 66.0 33.0 77.0 71.0 47.0 41.0 0.0 28.0 38.0 37.0 32.0 17.0 50.0 36.0 0.0 48.0 59.0 60.0 48.0 49.0 59.0 49.0 45.0 25.0 28.0 0.0 
3 12 8 8 
23 24 53 14 52 19 39 62 26 7 74 76 50 50 98 50 87 95 0 18 77 89 15 84 84 98 84 16 42 94 54 26 23 52 50 50 