6 10 1 4 3 88 65 175 125 10 10
11 8 0 0 6 8 0 0 7 4 0 0 0 0 9 9 0 0 14 8 0 0 8 11 
4 1 3 1 0 0 4 0 0 1 0 4 0 0 2 2 5 1 0 0 0 4 5 0 0 0 1 2 3 0 5 0 4 1 0 0 0 1 0 3 
1 1 1 1 1 1 1 1 0 0 1 0 1 1 0 0 1 0 1 0 1 1 0 0 1 1 1 1 0 0 0 0 0 0 0 0 1 0 1 0 1 0 1 1 1 1 1 0 0 1 1 0 0 1 0 0 0 0 1 1 
1 1 1 1 1 1 1 1 1 1 1 1 1 1 1 1 1 1 1 1 1 1 1 1 1 1 1 1 1 1 1 1 1 1 1 1 1 1 1 1 1 1 1 1 1 1 1 1 1 1 1 1 1 1 1 1 1 1 1 1 1 1 1 1 1 1 1 1 1 1 1 1 1 1 1 1 1 1 1 1 1 1 1 1 1 1 1 1 1 1 1 1 1 1 1 1 1 1 1 1 
4 9 7 8 6 8 8 9 0 0 0 0 2 5 0 0 0 0 1 1 0 0 8 10 0 0 0 0 10 10 7 10 3 4 10 10 0 0 0 0 0 0 1 4 6 10 0 0 0 0 0 0 2 7 5 6 10 10 0 0 1 1 0 0 9 9 5 9 0 0 0 0 0 0 9 10 0 0 4 4 
2 7 3 4 
0.0 21.0 23.0 37.0 61.0 67.0 21.0 43.0 14.0 25.0 15.0 61.0 74.0 37.0 56.0 46.0 46.0 21.0 21.0 0.0 15.0 39.0 79.0 88.0 42.0 64.0 35.0 5.0 34.0 82.0 93.0 48.0 76.0 51.0 49.0 42.0 23.0 15.0 0.0 26.0 84.0 86.0 41.0 62.0 35.0 12.0 31.0 80.0 96.0 36.0 78.0 62.0 61.0 41.0 37.0 39.0 26.0 0.0 91.0 81.0 46.0 60.0 42.0 37.0 34.0 76.0 98.0 18.0 80.0 82.0 82.0 46.0 61.0 79.0 84.0 91.0 0.0 39.0 46.0 38.0 51.0 84.0 58.0 37.0 20.0 81.0 18.0 49.0 54.0 46.0 67.0 88.0 86.0 81.0 39.0 0.0 46.0 25.0 53.0 91.0 55.0 6.0 29.0 66.0 23.0 79.0 83.0 46.0 21.0 42.0 41.0 46.0 46.0 46.0 0.0 23.0 7.0 45.0 13.0 40.0 55.0 38.0 37.0 48.0 51.0 0.0 43.0 64.0 62.0 60.0 38.0 25.0 23.0 0.0 29.0 67.0 31.0 19.0 40.0 47.0 23.0 62.0 66.0 23.0 14.0 35.0 35.0 42.0 51.0 53.0 7.0 29.0 0.0 39.0 9.0 47.0 61.0 36.0 43.0 47.0 49.0 7.0 25.0 5.0 12.0 37.0 84.0 91.0 45.0 67.0 39.0 0.0 37.0 85.0 97.0 47.0 80.0 56.0 53.0 45.0 15.0 34.0 31.0 34.0 58.0 55.0 13.0 31.0 9.0 37.0 0.0 49.0 67.0 28.0 49.0 55.0 56.0 13.0 61.0 82.0 80.0 76.0 37.0 6.0 40.0 19.0 47.0 85.0 49.0 0.0 29.0 61.0 20.0 74.0 78.0 40.0 74.0 93.0 96.0 98.0 20.0 29.0 55.0 40.0 61.0 97.0 67.0 29.0 0.0 86.0 19.0 68.0 73.0 55.0 37.0 48.0 36.0 18.0 81.0 66.0 38.0 47.0 36.0 47.0 28.0 61.0 86.0 0.0 68.0 81.0 82.0 38.0 56.0 76.0 78.0 80.0 18.0 23.0 37.0 23.0 43.0 80.0 49.0 20.0 19.0 68.0 0.0 58.0 62.0 37.0 46.0 51.0 62.0 82.0 49.0 79.0 48.0 62.0 47.0 56.0 55.0 74.0 68.0 81.0 58.0 0.0 5.0 48.0 46.0 49.0 61.0 82.0 54.0 83.0 51.0 66.0 49.0 53.0 56.0 78.0 73.0 82.0 62.0 5.0 0.0 51.0 21.0 42.0 41.0 46.0 46.0 46.0 0.0 23.0 7.0 45.0 13.0 40.0 55.0 38.0 37.0 48.0 51.0 0.0 
1 7 4 11 
49 30 49 9 35 12 13 24 85 79 50 96 50 50 48 72 49 44 45 6 41 42 50 90 78 97 14 41 68 82 94 31 94 26 50 50 