6 10 1 4 3 188 65 375 125 10 10
11 24 0 0 9 23 0 0 9 14 0 0 0 0 10 7 0 0 6 10 0 0 6 9 
4 4 0 3 0 1 0 4 0 1 0 0 4 3 3 0 0 0 0 2 2 4 0 0 0 1 4 5 0 3 3 0 1 5 0 0 0 4 0 0 
0 0 0 0 1 1 0 0 1 0 1 0 0 1 1 0 1 1 1 1 0 0 1 0 1 0 1 1 0 1 0 1 0 0 1 1 1 0 1 0 1 0 1 1 1 0 1 0 1 0 1 1 0 1 1 1 1 1 1 1 
1 1 1 1 1 1 1 1 1 1 1 1 1 1 1 1 1 1 1 1 1 1 1 1 1 1 1 1 1 1 1 1 1 1 1 1 1 1 1 1 1 1 1 1 1 1 1 1 1 1 1 1 1 1 1 1 1 1 1 1 1 1 1 1 1 1 1 1 1 1 1 1 1 1 1 1 1 1 1 1 1 1 1 1 1 1 1 1 1 1 1 1 1 1 1 1 1 1 1 1 
3 5 5 10 0 0 2 9 0 0 2 7 0 0 7 10 0 0 5 8 0 0 0 0 8 10 2 4 6 6 0 0 0 0 0 0 0 0 6 7 3 7 10 10 0 0 0 0 0 0 6 8 2 9 3 7 0 0 3 9 3 9 0 0 8 10 4 8 0 0 0 0 0 0 7 9 0 0 0 0 
6 10 3 4 
0.0 64.0 57.0 8.0 48.0 74.0 8.0 16.0 39.0 21.0 52.0 41.0 38.0 47.0 38.0 43.0 54.0 8.0 64.0 0.0 86.0 71.0 88.0 91.0 62.0 78.0 102.0 60.0 20.0 105.0 35.0 105.0 77.0 91.0 82.0 62.0 57.0 86.0 0.0 56.0 104.0 20.0 50.0 51.0 77.0 39.0 67.0 68.0 54.0 48.0 20.0 25.0 110.0 50.0 8.0 71.0 56.0 0.0 48.0 74.0 12.0 10.0 33.0 23.0 59.0 34.0 44.0 41.0 37.0 40.0 56.0 12.0 48.0 88.0 104.0 48.0 0.0 121.0 55.0 55.0 45.0 68.0 85.0 58.0 77.0 79.0 85.0 86.0 15.0 55.0 74.0 91.0 20.0 74.0 121.0 0.0 67.0 70.0 96.0 54.0 72.0 87.0 61.0 67.0 38.0 45.0 127.0 67.0 8.0 62.0 50.0 12.0 55.0 67.0 0.0 16.0 44.0 14.0 48.0 44.0 33.0 45.0 32.0 39.0 60.0 0.0 16.0 78.0 51.0 10.0 55.0 70.0 16.0 0.0 30.0 24.0 64.0 28.0 48.0 32.0 32.0 32.0 63.0 16.0 39.0 102.0 77.0 33.0 45.0 96.0 44.0 30.0 0.0 54.0 91.0 13.0 76.0 38.0 59.0 53.0 59.0 44.0 21.0 60.0 39.0 23.0 68.0 54.0 14.0 24.0 54.0 0.0 44.0 51.0 27.0 46.0 22.0 33.0 73.0 14.0 52.0 20.0 67.0 59.0 85.0 72.0 48.0 64.0 91.0 44.0 0.0 91.0 17.0 89.0 59.0 73.0 82.0 48.0 41.0 105.0 68.0 34.0 58.0 87.0 44.0 28.0 13.0 51.0 91.0 0.0 76.0 25.0 52.0 44.0 71.0 44.0 38.0 35.0 54.0 44.0 77.0 61.0 33.0 48.0 76.0 27.0 17.0 76.0 0.0 73.0 43.0 57.0 77.0 33.0 47.0 105.0 48.0 41.0 79.0 67.0 45.0 32.0 38.0 46.0 89.0 25.0 73.0 0.0 37.0 24.0 90.0 45.0 38.0 77.0 20.0 37.0 85.0 38.0 32.0 32.0 59.0 22.0 59.0 52.0 43.0 37.0 0.0 15.0 91.0 32.0 43.0 91.0 25.0 40.0 86.0 45.0 39.0 32.0 53.0 33.0 73.0 44.0 57.0 24.0 15.0 0.0 95.0 39.0 54.0 82.0 110.0 56.0 15.0 127.0 60.0 63.0 59.0 73.0 82.0 71.0 77.0 90.0 91.0 95.0 0.0 60.0 8.0 62.0 50.0 12.0 55.0 67.0 0.0 16.0 44.0 14.0 48.0 44.0 33.0 45.0 32.0 39.0 60.0 0.0 
15 13 1 8 
44 54 95 92 77 8 39 49 8 85 96 2 50 50 38 40 8 40 61 43 92 73 13 28 81 61 30 10 64 22 53 12 14 98 50 50 