2 10 2 2 3 34 65 67 125 10 11
21 9 20 8 
5 0 3 0 1 0 0 2 1 0 3 0 2 5 0 4 5 2 4 0 
0 1 0 1 1 0 0 0 1 1 1 0 1 1 0 1 0 1 1 0 
1 1 1 1 1 1 1 1 1 1 1 1 1 1 1 1 1 1 1 1 1 1 1 1 1 1 1 1 1 1 1 1 1 1 1 1 1 1 1 1 1 1 1 1 1 1 1 1 1 1 1 1 1 1 1 1 1 1 1 1 1 1 1 1 1 1 1 1 1 1 1 1 1 1 1 1 1 1 1 1 1 1 1 1 1 1 1 1 1 1 1 1 1 1 1 1 1 1 1 1 
2 5 0 0 4 6 0 0 4 6 0 0 0 0 10 10 2 8 0 0 6 7 0 0 3 5 5 6 0 0 6 10 9 10 9 10 7 8 0 0 
1 6 
0.0 41.0 46.0 55.0 40.0 38.0 65.0 57.0 50.0 58.0 79.0 46.0 83.0 49.0 46.0 55.0 41.0 0.0 35.0 38.0 10.0 28.0 49.0 21.0 30.0 40.0 56.0 23.0 69.0 9.0 35.0 38.0 46.0 35.0 0.0 71.0 44.0 58.0 20.0 30.0 10.0 13.0 90.0 56.0 103.0 40.0 0.0 71.0 55.0 38.0 71.0 0.0 28.0 18.0 86.0 54.0 68.0 77.0 25.0 15.0 33.0 36.0 71.0 0.0 40.0 10.0 44.0 28.0 0.0 19.0 59.0 30.0 40.0 50.0 48.0 13.0 60.0 13.0 44.0 28.0 38.0 28.0 58.0 18.0 19.0 0.0 75.0 48.0 56.0 66.0 42.0 13.0 48.0 31.0 58.0 18.0 65.0 49.0 20.0 86.0 59.0 75.0 0.0 37.0 19.0 10.0 103.0 71.0 118.0 52.0 20.0 86.0 57.0 21.0 30.0 54.0 30.0 48.0 37.0 0.0 22.0 28.0 68.0 40.0 84.0 19.0 30.0 54.0 50.0 30.0 10.0 68.0 40.0 56.0 19.0 22.0 0.0 10.0 85.0 53.0 99.0 34.0 10.0 68.0 58.0 40.0 13.0 77.0 50.0 66.0 10.0 28.0 10.0 0.0 94.0 62.0 108.0 43.0 13.0 77.0 79.0 56.0 90.0 25.0 48.0 42.0 103.0 68.0 85.0 94.0 0.0 36.0 20.0 51.0 90.0 25.0 46.0 23.0 56.0 15.0 13.0 13.0 71.0 40.0 53.0 62.0 36.0 0.0 47.0 22.0 56.0 15.0 83.0 69.0 103.0 33.0 60.0 48.0 118.0 84.0 99.0 108.0 20.0 47.0 0.0 66.0 103.0 33.0 49.0 9.0 40.0 36.0 13.0 31.0 52.0 19.0 34.0 43.0 51.0 22.0 66.0 0.0 40.0 36.0 46.0 35.0 0.0 71.0 44.0 58.0 20.0 30.0 10.0 13.0 90.0 56.0 103.0 40.0 0.0 71.0 55.0 38.0 71.0 0.0 28.0 18.0 86.0 54.0 68.0 77.0 25.0 15.0 33.0 36.0 71.0 0.0 
1 11 
21 30 53 55 25 75 75 25 57 46 58 28 24 94 55 75 34 78 30 87 99 24 66 37 100 5 61 58 25 75 75 25 