2 10 2 2 3 43 65 86 125 10 11
11 8 15 11 
0 2 1 0 0 3 0 4 3 0 0 2 2 0 4 0 4 0 5 0 
0 0 1 0 0 0 1 1 0 1 1 0 0 1 0 1 0 0 0 1 
1 1 1 1 1 1 1 1 1 1 1 1 1 1 1 1 1 1 1 1 1 1 1 1 1 1 1 1 1 1 1 1 1 1 1 1 1 1 1 1 1 1 1 1 1 1 1 1 1 1 1 1 1 1 1 1 1 1 1 1 1 1 1 1 1 1 1 1 1 1 1 1 1 1 1 1 1 1 1 1 1 1 1 1 1 1 1 1 1 1 1 1 1 1 1 1 1 1 1 1 
0 0 9 10 3 10 0 0 0 0 1 9 0 0 8 10 1 5 0 0 0 0 1 5 2 10 0 0 6 9 0 0 6 8 0 0 8 9 0 0 
9 2 
0.0 49.0 22.0 82.0 73.0 62.0 54.0 53.0 35.0 23.0 28.0 74.0 56.0 67.0 22.0 82.0 49.0 0.0 28.0 55.0 76.0 15.0 44.0 20.0 15.0 29.0 24.0 25.0 46.0 22.0 28.0 55.0 22.0 28.0 0.0 71.0 76.0 40.0 48.0 32.0 15.0 13.0 6.0 52.0 51.0 48.0 0.0 71.0 82.0 55.0 71.0 0.0 45.0 63.0 30.0 74.0 58.0 62.0 69.0 60.0 29.0 39.0 71.0 0.0 73.0 76.0 76.0 45.0 0.0 89.0 33.0 94.0 70.0 63.0 77.0 92.0 31.0 71.0 76.0 45.0 62.0 15.0 40.0 63.0 89.0 0.0 57.0 16.0 29.0 43.0 35.0 14.0 59.0 25.0 40.0 63.0 54.0 44.0 48.0 30.0 33.0 57.0 0.0 63.0 39.0 37.0 48.0 61.0 3.0 40.0 48.0 30.0 53.0 20.0 32.0 74.0 94.0 16.0 63.0 0.0 27.0 39.0 27.0 28.0 65.0 38.0 32.0 74.0 35.0 15.0 15.0 58.0 70.0 29.0 39.0 27.0 0.0 14.0 12.0 40.0 41.0 33.0 15.0 58.0 23.0 29.0 13.0 62.0 63.0 43.0 37.0 39.0 14.0 0.0 15.0 54.0 39.0 44.0 13.0 62.0 28.0 24.0 6.0 69.0 77.0 35.0 48.0 27.0 12.0 15.0 0.0 47.0 50.0 44.0 6.0 69.0 74.0 25.0 52.0 60.0 92.0 14.0 61.0 28.0 40.0 54.0 47.0 0.0 62.0 22.0 52.0 60.0 56.0 46.0 51.0 29.0 31.0 59.0 3.0 65.0 41.0 39.0 50.0 62.0 0.0 41.0 51.0 29.0 67.0 22.0 48.0 39.0 71.0 25.0 40.0 38.0 33.0 44.0 44.0 22.0 41.0 0.0 48.0 39.0 22.0 28.0 0.0 71.0 76.0 40.0 48.0 32.0 15.0 13.0 6.0 52.0 51.0 48.0 0.0 71.0 82.0 55.0 71.0 0.0 45.0 63.0 30.0 74.0 58.0 62.0 69.0 60.0 29.0 39.0 71.0 0.0 
6 9 
34 95 25 47 25 75 75 25 99 62 14 37 68 54 6 50 30 61 37 73 23 70 16 24 70 53 37 29 25 75 75 25 