2 10 2 2 3 67 65 134 125 10 11
11 12 20 11 
1 0 3 4 2 0 0 5 2 3 4 2 5 0 3 0 2 3 0 2 
0 0 1 1 1 1 0 1 0 1 1 0 0 1 1 0 1 0 1 1 
1 1 1 1 1 1 1 1 1 1 1 1 1 1 1 1 1 1 1 1 1 1 1 1 1 1 1 1 1 1 1 1 1 1 1 1 1 1 1 1 1 1 1 1 1 1 1 1 1 1 1 1 1 1 1 1 1 1 1 1 1 1 1 1 1 1 1 1 1 1 1 1 1 1 1 1 1 1 1 1 1 1 1 1 1 1 1 1 1 1 1 1 1 1 1 1 1 1 1 1 
8 10 0 0 5 9 6 10 4 5 0 0 0 0 7 9 1 8 7 8 10 10 3 10 3 3 0 0 2 5 0 0 6 9 7 8 0 0 9 10 
8 1 
0.0 52.0 41.0 70.0 93.0 83.0 54.0 39.0 67.0 43.0 62.0 80.0 80.0 42.0 41.0 70.0 52.0 0.0 25.0 52.0 66.0 32.0 17.0 28.0 56.0 28.0 70.0 49.0 28.0 61.0 25.0 52.0 41.0 25.0 0.0 71.0 89.0 47.0 39.0 4.0 73.0 42.0 81.0 72.0 46.0 66.0 0.0 71.0 70.0 52.0 71.0 0.0 23.0 71.0 35.0 73.0 9.0 31.0 33.0 19.0 64.0 42.0 71.0 0.0 93.0 66.0 89.0 23.0 0.0 77.0 50.0 91.0 29.0 52.0 51.0 18.0 70.0 64.0 89.0 23.0 83.0 32.0 47.0 71.0 77.0 0.0 41.0 50.0 78.0 57.0 96.0 60.0 8.0 91.0 47.0 71.0 54.0 17.0 39.0 35.0 50.0 41.0 0.0 41.0 39.0 17.0 56.0 34.0 35.0 51.0 39.0 35.0 39.0 28.0 4.0 73.0 91.0 50.0 41.0 0.0 74.0 43.0 81.0 74.0 50.0 66.0 4.0 73.0 67.0 56.0 73.0 9.0 29.0 78.0 39.0 74.0 0.0 32.0 25.0 28.0 71.0 35.0 73.0 9.0 43.0 28.0 42.0 31.0 52.0 57.0 17.0 43.0 32.0 0.0 42.0 39.0 52.0 34.0 42.0 31.0 62.0 70.0 81.0 33.0 51.0 96.0 56.0 81.0 25.0 42.0 0.0 52.0 90.0 21.0 81.0 33.0 80.0 49.0 72.0 19.0 18.0 60.0 34.0 74.0 28.0 39.0 52.0 0.0 53.0 59.0 72.0 19.0 80.0 28.0 46.0 64.0 70.0 8.0 35.0 50.0 71.0 52.0 90.0 53.0 0.0 85.0 46.0 64.0 42.0 61.0 66.0 42.0 64.0 91.0 51.0 66.0 35.0 34.0 21.0 59.0 85.0 0.0 66.0 42.0 41.0 25.0 0.0 71.0 89.0 47.0 39.0 4.0 73.0 42.0 81.0 72.0 46.0 66.0 0.0 71.0 70.0 52.0 71.0 0.0 23.0 71.0 35.0 73.0 9.0 31.0 33.0 19.0 64.0 42.0 71.0 0.0 
4 13 
7 39 49 69 25 75 75 25 98 25 67 95 58 55 22 74 70 18 49 41 54 0 87 39 69 88 36 10 25 75 75 25 