2 10 2 2 3 74 65 148 125 10 11
23 12 22 20 
2 4 0 5 4 0 0 4 5 5 1 0 1 1 4 1 3 0 5 3 
1 1 0 0 0 0 1 0 1 1 0 1 0 1 0 0 1 1 0 1 
1 1 1 1 1 1 1 1 1 1 1 1 1 1 1 1 1 1 1 1 1 1 1 1 1 1 1 1 1 1 1 1 1 1 1 1 1 1 1 1 1 1 1 1 1 1 1 1 1 1 1 1 1 1 1 1 1 1 1 1 1 1 1 1 1 1 1 1 1 1 1 1 1 1 1 1 1 1 1 1 1 1 1 1 1 1 1 1 1 1 1 1 1 1 1 1 1 1 1 1 
1 6 7 9 0 0 10 10 6 10 0 0 0 0 4 8 9 10 7 10 6 9 0 0 6 8 8 8 10 10 5 5 10 10 0 0 3 8 4 5 
1 1 
0.0 103.0 82.0 22.0 62.0 106.0 94.0 84.0 28.0 54.0 48.0 15.0 73.0 67.0 82.0 22.0 103.0 0.0 23.0 90.0 43.0 10.0 28.0 44.0 76.0 50.0 81.0 110.0 45.0 39.0 23.0 90.0 82.0 23.0 0.0 71.0 25.0 25.0 21.0 42.0 56.0 30.0 59.0 90.0 26.0 17.0 0.0 71.0 22.0 90.0 71.0 0.0 48.0 95.0 87.0 64.0 17.0 42.0 56.0 21.0 69.0 59.0 71.0 0.0 62.0 43.0 25.0 48.0 0.0 48.0 44.0 31.0 35.0 9.0 53.0 68.0 36.0 19.0 25.0 48.0 106.0 10.0 25.0 95.0 48.0 0.0 23.0 53.0 80.0 54.0 80.0 115.0 43.0 41.0 25.0 95.0 94.0 28.0 21.0 87.0 44.0 23.0 0.0 62.0 71.0 48.0 61.0 105.0 24.0 29.0 21.0 87.0 84.0 44.0 42.0 64.0 31.0 53.0 62.0 0.0 57.0 38.0 84.0 85.0 63.0 47.0 42.0 64.0 28.0 76.0 56.0 17.0 35.0 80.0 71.0 57.0 0.0 27.0 43.0 35.0 53.0 42.0 56.0 17.0 54.0 50.0 30.0 42.0 9.0 54.0 48.0 38.0 27.0 0.0 47.0 61.0 36.0 20.0 30.0 42.0 48.0 81.0 59.0 56.0 53.0 80.0 61.0 84.0 43.0 47.0 0.0 63.0 37.0 43.0 59.0 56.0 15.0 110.0 90.0 21.0 68.0 115.0 105.0 85.0 35.0 61.0 63.0 0.0 85.0 76.0 90.0 21.0 73.0 45.0 26.0 69.0 36.0 43.0 24.0 63.0 53.0 36.0 37.0 85.0 0.0 18.0 26.0 69.0 67.0 39.0 17.0 59.0 19.0 41.0 29.0 47.0 42.0 20.0 43.0 76.0 18.0 0.0 17.0 59.0 82.0 23.0 0.0 71.0 25.0 25.0 21.0 42.0 56.0 30.0 59.0 90.0 26.0 17.0 0.0 71.0 22.0 90.0 71.0 0.0 48.0 95.0 87.0 64.0 17.0 42.0 56.0 21.0 69.0 59.0 71.0 0.0 
12 3 
95 34 3 79 25 75 75 25 37 54 4 88 25 96 12 36 68 40 45 53 83 80 95 19 47 88 41 72 25 75 75 25 