2 10 2 2 3 97 65 194 125 10 11
13 12 20 14 
2 1 5 0 2 5 5 3 3 0 0 2 2 0 4 5 2 0 0 2 
1 0 0 0 1 0 1 1 0 0 0 1 0 1 0 0 0 1 1 1 
1 1 1 1 1 1 1 1 1 1 1 1 1 1 1 1 1 1 1 1 1 1 1 1 1 1 1 1 1 1 1 1 1 1 1 1 1 1 1 1 1 1 1 1 1 1 1 1 1 1 1 1 1 1 1 1 1 1 1 1 1 1 1 1 1 1 1 1 1 1 1 1 1 1 1 1 1 1 1 1 1 1 1 1 1 1 1 1 1 1 1 1 1 1 1 1 1 1 1 1 
4 10 6 7 9 10 0 0 10 10 7 9 8 10 2 3 7 9 0 0 0 0 5 9 5 6 0 0 10 10 10 10 4 8 0 0 0 0 3 5 
5 3 
0.0 51.0 25.0 94.0 50.0 72.0 69.0 121.0 107.0 86.0 97.0 72.0 25.0 5.0 25.0 94.0 51.0 0.0 34.0 47.0 54.0 25.0 26.0 74.0 57.0 70.0 77.0 27.0 27.0 49.0 34.0 47.0 25.0 34.0 0.0 71.0 32.0 50.0 58.0 98.0 85.0 63.0 74.0 50.0 12.0 26.0 0.0 71.0 94.0 47.0 71.0 0.0 72.0 23.0 52.0 28.0 16.0 61.0 61.0 22.0 69.0 93.0 71.0 0.0 50.0 54.0 32.0 72.0 0.0 58.0 79.0 95.0 87.0 37.0 49.0 55.0 42.0 53.0 32.0 72.0 72.0 25.0 50.0 23.0 58.0 0.0 36.0 50.0 35.0 59.0 63.0 5.0 47.0 71.0 50.0 23.0 69.0 26.0 58.0 52.0 79.0 36.0 0.0 75.0 56.0 92.0 98.0 40.0 48.0 66.0 58.0 52.0 121.0 74.0 98.0 28.0 95.0 50.0 75.0 0.0 19.0 75.0 71.0 49.0 97.0 120.0 98.0 28.0 107.0 57.0 85.0 16.0 87.0 35.0 56.0 19.0 0.0 75.0 74.0 35.0 82.0 105.0 85.0 16.0 86.0 70.0 63.0 61.0 37.0 59.0 92.0 75.0 75.0 0.0 12.0 55.0 71.0 88.0 63.0 61.0 97.0 77.0 74.0 61.0 49.0 63.0 98.0 71.0 74.0 12.0 0.0 59.0 81.0 99.0 74.0 61.0 72.0 27.0 50.0 22.0 55.0 5.0 40.0 49.0 35.0 55.0 59.0 0.0 48.0 72.0 50.0 22.0 25.0 27.0 12.0 69.0 42.0 47.0 48.0 97.0 82.0 71.0 81.0 48.0 0.0 24.0 12.0 69.0 5.0 49.0 26.0 93.0 53.0 71.0 66.0 120.0 105.0 88.0 99.0 72.0 24.0 0.0 26.0 93.0 25.0 34.0 0.0 71.0 32.0 50.0 58.0 98.0 85.0 63.0 74.0 50.0 12.0 26.0 0.0 71.0 94.0 47.0 71.0 0.0 72.0 23.0 52.0 28.0 16.0 61.0 61.0 22.0 69.0 93.0 71.0 0.0 
15 6 
2 83 32 42 25 75 75 25 51 92 55 35 24 18 98 10 79 10 87 84 98 81 58 38 19 65 0 79 25 75 75 25 