2 10 2 2 3 28 65 55 125 10 11
19 10 15 5 
5 0 3 3 0 2 2 0 3 1 2 0 2 0 5 1 0 3 4 0 
0 0 0 0 1 0 1 1 0 0 0 1 0 0 1 1 1 0 0 0 
1 1 1 1 1 1 1 1 1 1 1 1 1 1 1 1 1 1 1 1 1 1 1 1 1 1 1 1 1 1 1 1 1 1 1 1 1 1 1 1 1 1 1 1 1 1 1 1 1 1 1 1 1 1 1 1 1 1 1 1 1 1 1 1 1 1 1 1 1 1 1 1 1 1 1 1 1 1 1 1 1 1 1 1 1 1 1 1 1 1 1 1 1 1 1 1 1 1 1 1 
9 10 0 0 10 10 5 9 0 0 10 10 3 5 0 0 9 10 9 10 7 9 0 0 4 7 0 0 4 7 9 10 0 0 7 8 4 5 0 0 
4 9 
0.0 55.0 36.0 36.0 40.0 45.0 34.0 27.0 21.0 39.0 46.0 52.0 59.0 35.0 36.0 36.0 55.0 0.0 24.0 86.0 92.0 42.0 88.0 81.0 63.0 92.0 19.0 30.0 10.0 84.0 24.0 86.0 36.0 24.0 0.0 71.0 71.0 46.0 68.0 62.0 40.0 72.0 29.0 41.0 25.0 61.0 0.0 71.0 36.0 86.0 71.0 0.0 36.0 60.0 27.0 24.0 49.0 32.0 72.0 73.0 92.0 45.0 71.0 0.0 40.0 92.0 71.0 36.0 0.0 82.0 10.0 16.0 34.0 6.0 85.0 91.0 95.0 15.0 71.0 36.0 45.0 42.0 46.0 60.0 82.0 0.0 74.0 67.0 64.0 79.0 24.0 16.0 51.0 79.0 46.0 60.0 34.0 88.0 68.0 27.0 10.0 74.0 0.0 8.0 33.0 6.0 79.0 84.0 91.0 20.0 68.0 27.0 27.0 81.0 62.0 24.0 16.0 67.0 8.0 0.0 29.0 13.0 72.0 77.0 85.0 21.0 62.0 24.0 21.0 63.0 40.0 49.0 34.0 64.0 33.0 29.0 0.0 35.0 59.0 68.0 64.0 22.0 40.0 49.0 39.0 92.0 72.0 32.0 6.0 79.0 6.0 13.0 35.0 0.0 84.0 89.0 95.0 19.0 72.0 32.0 46.0 19.0 29.0 72.0 85.0 24.0 79.0 72.0 59.0 84.0 0.0 13.0 28.0 78.0 29.0 72.0 52.0 30.0 41.0 73.0 91.0 16.0 84.0 77.0 68.0 89.0 13.0 0.0 39.0 86.0 41.0 73.0 59.0 10.0 25.0 92.0 95.0 51.0 91.0 85.0 64.0 95.0 28.0 39.0 0.0 85.0 25.0 92.0 35.0 84.0 61.0 45.0 15.0 79.0 20.0 21.0 22.0 19.0 78.0 86.0 85.0 0.0 61.0 45.0 36.0 24.0 0.0 71.0 71.0 46.0 68.0 62.0 40.0 72.0 29.0 41.0 25.0 61.0 0.0 71.0 36.0 86.0 71.0 0.0 36.0 60.0 27.0 24.0 49.0 32.0 72.0 73.0 92.0 45.0 71.0 0.0 
1 11 
46 46 31 98 25 75 75 25 44 7 70 84 51 13 52 20 28 36 49 8 48 91 60 96 22 99 32 15 25 75 75 25 