2 10 2 2 3 60 65 119 125 10 11
9 11 14 18 
0 5 4 0 0 4 0 1 5 0 4 4 0 1 1 4 0 1 4 0 
1 1 0 1 0 0 0 0 1 0 1 1 1 1 0 0 0 1 0 0 
1 1 1 1 1 1 1 1 1 1 1 1 1 1 1 1 1 1 1 1 1 1 1 1 1 1 1 1 1 1 1 1 1 1 1 1 1 1 1 1 1 1 1 1 1 1 1 1 1 1 1 1 1 1 1 1 1 1 1 1 1 1 1 1 1 1 1 1 1 1 1 1 1 1 1 1 1 1 1 1 1 1 1 1 1 1 1 1 1 1 1 1 1 1 1 1 1 1 1 1 
0 0 5 9 2 2 0 0 0 0 7 9 0 0 8 8 10 10 0 0 8 9 4 6 0 0 10 10 4 10 7 10 0 0 1 4 7 8 0 0 
5 5 
0.0 30.0 51.0 21.0 28.0 46.0 30.0 18.0 13.0 35.0 28.0 50.0 59.0 72.0 51.0 21.0 30.0 0.0 69.0 27.0 17.0 43.0 49.0 43.0 37.0 12.0 35.0 50.0 84.0 89.0 69.0 27.0 51.0 69.0 0.0 71.0 76.0 97.0 22.0 34.0 38.0 79.0 36.0 37.0 25.0 22.0 0.0 71.0 21.0 27.0 71.0 0.0 14.0 26.0 50.0 38.0 34.0 24.0 45.0 65.0 79.0 92.0 71.0 0.0 28.0 17.0 76.0 14.0 0.0 27.0 55.0 45.0 40.0 10.0 45.0 63.0 87.0 97.0 76.0 14.0 46.0 43.0 97.0 26.0 27.0 0.0 76.0 63.0 59.0 33.0 69.0 89.0 103.0 118.0 97.0 26.0 30.0 49.0 22.0 50.0 55.0 76.0 0.0 13.0 17.0 58.0 19.0 33.0 37.0 43.0 22.0 50.0 18.0 43.0 34.0 38.0 45.0 63.0 13.0 0.0 6.0 50.0 22.0 42.0 43.0 55.0 34.0 38.0 13.0 37.0 38.0 34.0 40.0 59.0 17.0 6.0 0.0 45.0 20.0 41.0 48.0 59.0 38.0 34.0 35.0 12.0 79.0 24.0 10.0 33.0 58.0 50.0 45.0 0.0 45.0 62.0 92.0 99.0 79.0 24.0 28.0 35.0 36.0 45.0 45.0 69.0 19.0 22.0 20.0 45.0 0.0 22.0 55.0 55.0 36.0 45.0 50.0 50.0 37.0 65.0 63.0 89.0 33.0 42.0 41.0 62.0 22.0 0.0 61.0 49.0 37.0 65.0 59.0 84.0 25.0 79.0 87.0 103.0 37.0 43.0 48.0 92.0 55.0 61.0 0.0 32.0 25.0 79.0 72.0 89.0 22.0 92.0 97.0 118.0 43.0 55.0 59.0 99.0 55.0 49.0 32.0 0.0 22.0 92.0 51.0 69.0 0.0 71.0 76.0 97.0 22.0 34.0 38.0 79.0 36.0 37.0 25.0 22.0 0.0 71.0 21.0 27.0 71.0 0.0 14.0 26.0 50.0 38.0 34.0 24.0 45.0 65.0 79.0 92.0 71.0 0.0 
2 13 
60 39 88 48 25 75 75 25 87 32 92 6 41 61 46 49 51 48 94 38 59 66 59 88 5 60 11 91 25 75 75 25 