2 10 2 2 3 58 65 116 125 10 11
13 13 25 11 
4 0 3 0 5 0 2 2 4 0 4 4 0 1 3 1 0 1 0 4 
1 0 0 1 0 0 1 0 1 1 0 0 1 1 0 1 1 1 0 1 
1 1 1 1 1 1 1 1 1 1 1 1 1 1 1 1 1 1 1 1 1 1 1 1 1 1 1 1 1 1 1 1 1 1 1 1 1 1 1 1 1 1 1 1 1 1 1 1 1 1 1 1 1 1 1 1 1 1 1 1 1 1 1 1 1 1 1 1 1 1 1 1 1 1 1 1 1 1 1 1 1 1 1 1 1 1 1 1 1 1 1 1 1 1 1 1 1 1 1 1 
9 10 0 0 5 8 0 0 5 6 0 0 10 10 4 6 10 10 0 0 7 10 9 10 0 0 5 8 8 10 5 10 0 0 3 5 0 0 3 3 
2 1 
0.0 80.0 47.0 52.0 23.0 85.0 41.0 34.0 70.0 10.0 28.0 16.0 58.0 22.0 47.0 52.0 80.0 0.0 103.0 32.0 73.0 67.0 40.0 57.0 51.0 88.0 53.0 75.0 97.0 71.0 103.0 32.0 47.0 103.0 0.0 71.0 69.0 74.0 66.0 77.0 68.0 41.0 56.0 61.0 21.0 36.0 0.0 71.0 52.0 32.0 71.0 0.0 52.0 51.0 12.0 40.0 32.0 59.0 25.0 52.0 66.0 40.0 71.0 0.0 23.0 73.0 69.0 52.0 0.0 95.0 40.0 18.0 78.0 30.0 31.0 8.0 78.0 39.0 69.0 52.0 85.0 67.0 74.0 51.0 95.0 0.0 59.0 89.0 20.0 89.0 65.0 93.0 56.0 64.0 74.0 51.0 41.0 40.0 66.0 12.0 40.0 59.0 0.0 30.0 40.0 49.0 14.0 40.0 65.0 32.0 66.0 12.0 34.0 57.0 77.0 40.0 18.0 89.0 30.0 0.0 70.0 43.0 27.0 23.0 83.0 43.0 77.0 40.0 70.0 51.0 68.0 32.0 78.0 20.0 40.0 70.0 0.0 75.0 47.0 75.0 55.0 51.0 68.0 32.0 10.0 88.0 41.0 59.0 30.0 89.0 49.0 43.0 75.0 0.0 36.0 23.0 56.0 25.0 41.0 59.0 28.0 53.0 56.0 25.0 31.0 65.0 14.0 27.0 47.0 36.0 0.0 29.0 58.0 21.0 56.0 25.0 16.0 75.0 61.0 52.0 8.0 93.0 40.0 23.0 75.0 23.0 29.0 0.0 72.0 33.0 61.0 52.0 58.0 97.0 21.0 66.0 78.0 56.0 65.0 83.0 55.0 56.0 58.0 72.0 0.0 41.0 21.0 66.0 22.0 71.0 36.0 40.0 39.0 64.0 32.0 43.0 51.0 25.0 21.0 33.0 41.0 0.0 36.0 40.0 47.0 103.0 0.0 71.0 69.0 74.0 66.0 77.0 68.0 41.0 56.0 61.0 21.0 36.0 0.0 71.0 52.0 32.0 71.0 0.0 52.0 51.0 12.0 40.0 32.0 59.0 25.0 52.0 66.0 40.0 71.0 0.0 
10 3 
71 76 96 1 25 75 75 25 93 73 30 2 78 36 99 57 47 11 65 83 74 49 86 75 17 56 57 60 25 75 75 25 