6 20 1 4 3 169 125 338 250 5 20
21 13 0 0 12 18 0 0 15 10 0 0 0 0 14 25 0 0 10 24 0 0 28 27 
5 0 1 0 0 0 4 0 0 0 0 1 1 0 0 0 0 2 0 0 3 0 0 2 3 4 2 2 0 0 0 2 0 1 0 3 0 0 5 0 1 0 0 4 1 0 0 0 0 1 0 0 0 4 3 0 3 0 5 2 2 1 5 3 0 0 0 4 0 4 4 1 0 1 0 0 5 1 1 3 
0 1 0 1 0 1 1 1 0 1 0 0 0 0 1 0 0 1 1 0 0 1 1 1 1 1 0 0 0 0 
1 1 1 1 1 1 1 1 1 1 1 1 1 1 1 1 1 1 1 1 1 1 1 1 1 1 1 1 1 1 1 1 1 1 1 1 1 1 1 1 1 1 1 1 1 1 1 1 1 1 1 1 1 1 1 1 1 1 1 1 1 1 1 1 1 1 1 1 1 1 1 1 1 1 1 1 1 1 1 1 1 1 1 1 1 1 1 1 1 1 1 1 1 1 1 1 1 1 1 1 
5 5 0 0 1 5 0 0 0 0 0 0 3 5 0 0 0 0 0 0 0 0 1 3 2 3 0 0 0 0 0 0 0 0 5 5 0 0 0 0 2 3 0 0 0 0 5 5 5 5 5 5 3 5 4 5 0 0 0 0 0 0 3 4 0 0 1 5 0 0 2 2 0 0 0 0 3 5 0 0 4 5 0 0 0 0 3 5 3 4 0 0 0 0 0 0 0 0 4 5 0 0 0 0 0 0 5 5 4 5 0 0 5 5 0 0 3 5 2 3 4 4 4 5 5 5 5 5 0 0 0 0 0 0 5 5 0 0 5 5 3 4 1 3 0 0 2 4 0 0 0 0 2 3 5 5 5 5 1 2 
5 4 4 1 
0.0 66.0 93.0 67.0 42.0 97.0 59.0 34.0 98.0 62.0 79.0 94.0 83.0 81.0 43.0 59.0 38.0 72.0 81.0 68.0 62.0 85.0 58.0 54.0 33.0 95.0 85.0 59.0 66.0 0.0 31.0 61.0 63.0 37.0 30.0 38.0 67.0 78.0 61.0 68.0 18.0 37.0 24.0 28.0 35.0 68.0 98.0 5.0 66.0 22.0 10.0 34.0 33.0 48.0 85.0 30.0 93.0 31.0 0.0 88.0 93.0 41.0 59.0 61.0 85.0 108.0 85.0 89.0 17.0 56.0 50.0 56.0 57.0 96.0 126.0 27.0 95.0 9.0 41.0 63.0 62.0 61.0 111.0 59.0 67.0 61.0 88.0 0.0 28.0 64.0 31.0 70.0 35.0 25.0 15.0 29.0 72.0 39.0 59.0 33.0 70.0 8.0 39.0 65.0 11.0 80.0 53.0 28.0 52.0 47.0 25.0 31.0 42.0 63.0 93.0 28.0 0.0 80.0 38.0 55.0 62.0 22.0 42.0 57.0 78.0 57.0 51.0 40.0 57.0 31.0 42.0 67.0 21.0 84.0 53.0 33.0 39.0 69.0 44.0 38.0 97.0 37.0 41.0 64.0 80.0 0.0 43.0 74.0 49.0 87.0 55.0 54.0 29.0 26.0 59.0 42.0 71.0 69.0 102.0 39.0 73.0 37.0 42.0 49.0 65.0 23.0 82.0 43.0 59.0 30.0 59.0 31.0 38.0 43.0 0.0 47.0 44.0 50.0 33.0 43.0 43.0 22.0 33.0 3.0 45.0 39.0 68.0 35.0 37.0 50.0 23.0 6.0 31.0 37.0 55.0 0.0 34.0 38.0 61.0 70.0 55.0 74.0 47.0 0.0 90.0 76.0 77.0 89.0 53.0 65.0 16.0 45.0 4.0 77.0 97.0 38.0 69.0 53.0 33.0 45.0 18.0 79.0 93.0 47.0 98.0 67.0 85.0 35.0 62.0 49.0 44.0 90.0 0.0 57.0 21.0 8.0 70.0 31.0 76.0 46.0 89.0 35.0 64.0 71.0 45.0 79.0 63.0 47.0 74.0 26.0 40.0 44.0 62.0 78.0 108.0 25.0 22.0 87.0 50.0 76.0 57.0 0.0 38.0 50.0 92.0 62.0 70.0 52.0 77.0 22.0 21.0 83.0 15.0 99.0 69.0 45.0 59.0 71.0 26.0 50.0 79.0 61.0 85.0 15.0 42.0 55.0 33.0 77.0 21.0 38.0 0.0 15.0 69.0 31.0 65.0 35.0 76.0 17.0 48.0 65.0 25.0 78.0 54.0 33.0 59.0 36.0 28.0 33.0 94.0 68.0 89.0 29.0 57.0 54.0 43.0 89.0 8.0 50.0 15.0 0.0 73.0 33.0 76.0 45.0 88.0 29.0 57.0 72.0 39.0 82.0 64.0 45.0 72.0 32.0 33.0 43.0 83.0 18.0 17.0 72.0 78.0 29.0 43.0 53.0 70.0 92.0 69.0 73.0 0.0 40.0 40.0 40.0 50.0 79.0 110.0 16.0 78.0 10.0 27.0 47.0 51.0 47.0 95.0 43.0 81.0 37.0 56.0 39.0 57.0 26.0 22.0 65.0 31.0 62.0 31.0 33.0 40.0 0.0 50.0 23.0 63.0 44.0 77.0 41.0 48.0 49.0 35.0 28.0 51.0 15.0 58.0 22.0 43.0 24.0 50.0 59.0 51.0 59.0 33.0 16.0 76.0 70.0 65.0 76.0 40.0 50.0 0.0 31.0 14.0 67.0 91.0 25.0 61.0 42.0 18.0 32.0 14.0 64.0 83.0 33.0 59.0 28.0 56.0 33.0 40.0 42.0 3.0 45.0 46.0 52.0 35.0 45.0 40.0 23.0 31.0 0.0 44.0 41.0 71.0 32.0 39.0 48.0 20.0 8.0 30.0 37.0 57.0 3.0 38.0 35.0 57.0 70.0 57.0 71.0 45.0 4.0 89.0 77.0 76.0 88.0 50.0 63.0 14.0 44.0 0.0 77.0 98.0 35.0 70.0 49.0 30.0 44.0 19.0 77.0 93.0 45.0 72.0 68.0 96.0 8.0 31.0 69.0 39.0 77.0 35.0 22.0 17.0 29.0 79.0 44.0 67.0 41.0 77.0 0.0 33.0 73.0 11.0 87.0 60.0 36.0 59.0 51.0 17.0 39.0 81.0 98.0 126.0 39.0 42.0 102.0 68.0 97.0 64.0 21.0 48.0 57.0 110.0 77.0 91.0 71.0 98.0 33.0 0.0 102.0 32.0 118.0 89.0 64.0 80.0 83.0 25.0 68.0 68.0 5.0 27.0 65.0 67.0 39.0 35.0 38.0 71.0 83.0 65.0 72.0 16.0 41.0 25.0 32.0 35.0 73.0 102.0 0.0 70.0 19.0 14.0 38.0 36.0 51.0 89.0 35.0 62.0 66.0 95.0 11.0 21.0 73.0 37.0 69.0 45.0 15.0 25.0 39.0 78.0 48.0 61.0 39.0 70.0 11.0 32.0 70.0 0.0 86.0 57.0 33.0 51.0 57.0 25.0 37.0 85.0 22.0 9.0 80.0 84.0 37.0 50.0 53.0 79.0 99.0 78.0 82.0 10.0 49.0 42.0 48.0 49.0 87.0 118.0 19.0 86.0 0.0 32.0 54.0 53.0 56.0 103.0 50.0 58.0 10.0 41.0 53.0 53.0 42.0 23.0 33.0 63.0 69.0 54.0 64.0 27.0 35.0 18.0 20.0 30.0 60.0 89.0 14.0 57.0 32.0 0.0 25.0 25.0 48.0 77.0 23.0 54.0 34.0 63.0 28.0 33.0 49.0 6.0 45.0 47.0 45.0 33.0 45.0 47.0 28.0 32.0 8.0 44.0 36.0 64.0 38.0 33.0 54.0 25.0 0.0 28.0 42.0 53.0 6.0 33.0 33.0 62.0 52.0 39.0 65.0 31.0 18.0 74.0 59.0 59.0 72.0 51.0 51.0 14.0 30.0 19.0 59.0 80.0 36.0 51.0 53.0 25.0 28.0 0.0 66.0 75.0 31.0 95.0 48.0 61.0 47.0 69.0 23.0 37.0 79.0 26.0 71.0 36.0 32.0 47.0 15.0 64.0 37.0 77.0 51.0 83.0 51.0 57.0 56.0 48.0 42.0 66.0 0.0 62.0 37.0 85.0 85.0 111.0 25.0 44.0 82.0 55.0 93.0 40.0 26.0 28.0 33.0 95.0 58.0 83.0 57.0 93.0 17.0 25.0 89.0 25.0 103.0 77.0 53.0 75.0 62.0 0.0 55.0 59.0 30.0 59.0 31.0 38.0 43.0 0.0 47.0 44.0 50.0 33.0 43.0 43.0 22.0 33.0 3.0 45.0 39.0 68.0 35.0 37.0 50.0 23.0 6.0 31.0 37.0 55.0 0.0 
4 11 13 2 
18 99 25 34 11 7 76 66 58 87 51 8 50 50 7 67 91 35 79 90 82 53 92 42 24 17 61 31 18 56 48 49 7 63 83 69 98 98 21 32 75 76 15 15 29 43 50 56 25 67 70 20 99 74 50 50 