6 20 1 4 3 209 125 418 250 5 20
20 25 0 0 18 14 0 0 8 16 0 0 0 0 15 26 0 0 11 15 0 0 8 18 
0 1 0 0 0 0 5 0 0 1 0 0 1 5 4 5 0 0 1 0 1 0 0 4 2 2 0 0 0 2 0 4 5 0 3 0 1 0 1 0 0 0 0 2 2 3 0 0 5 2 0 0 1 3 2 2 2 3 1 1 0 3 0 2 0 1 0 0 2 0 0 4 0 0 0 2 1 2 0 4 
1 0 1 1 1 1 1 0 0 1 1 1 0 1 1 1 1 1 0 1 0 0 0 1 1 1 1 1 1 0 
1 1 1 1 1 1 1 1 1 1 1 1 1 1 1 1 1 1 1 1 1 1 1 1 1 1 1 1 1 1 1 1 1 1 1 1 1 1 1 1 1 1 1 1 1 1 1 1 1 1 1 1 1 1 1 1 1 1 1 1 1 1 1 1 1 1 1 1 1 1 1 1 1 1 1 1 1 1 1 1 1 1 1 1 1 1 1 1 1 1 1 1 1 1 1 1 1 1 1 1 
0 0 2 5 0 0 0 0 0 0 0 0 5 5 0 0 0 0 1 1 0 0 0 0 2 3 4 4 4 5 1 5 0 0 0 0 5 5 0 0 4 5 0 0 0 0 5 5 4 5 5 5 0 0 0 0 0 0 2 5 0 0 2 2 2 3 0 0 5 5 0 0 4 5 0 0 4 5 0 0 0 0 0 0 0 0 1 3 3 5 5 5 0 0 0 0 3 4 5 5 0 0 0 0 3 5 5 5 5 5 5 5 5 5 2 4 3 4 3 5 0 0 1 5 0 0 2 5 0 0 1 2 0 0 0 0 3 4 0 0 0 0 1 1 0 0 0 0 0 0 2 5 2 5 4 5 0 0 1 1 
4 3 3 5 
0.0 86.0 10.0 44.0 93.0 80.0 52.0 57.0 86.0 33.0 20.0 95.0 11.0 99.0 32.0 51.0 19.0 80.0 47.0 77.0 10.0 61.0 115.0 65.0 86.0 73.0 74.0 52.0 86.0 0.0 81.0 61.0 17.0 19.0 36.0 35.0 47.0 65.0 67.0 71.0 92.0 17.0 55.0 74.0 75.0 6.0 40.0 28.0 95.0 62.0 31.0 49.0 4.0 17.0 25.0 36.0 10.0 81.0 0.0 35.0 87.0 77.0 49.0 55.0 87.0 35.0 15.0 98.0 20.0 93.0 29.0 56.0 10.0 76.0 44.0 70.0 19.0 64.0 111.0 66.0 81.0 70.0 67.0 49.0 44.0 61.0 35.0 0.0 61.0 65.0 43.0 50.0 84.0 51.0 28.0 103.0 54.0 68.0 33.0 73.0 26.0 57.0 37.0 41.0 54.0 73.0 90.0 68.0 59.0 56.0 39.0 43.0 93.0 17.0 87.0 61.0 0.0 36.0 48.0 48.0 63.0 77.0 73.0 88.0 100.0 8.0 64.0 88.0 80.0 22.0 51.0 21.0 103.0 78.0 34.0 65.0 14.0 33.0 22.0 48.0 80.0 19.0 77.0 65.0 36.0 0.0 29.0 24.0 28.0 54.0 63.0 53.0 84.0 35.0 49.0 58.0 73.0 16.0 34.0 42.0 88.0 45.0 38.0 31.0 23.0 10.0 38.0 29.0 52.0 36.0 49.0 43.0 48.0 29.0 0.0 8.0 43.0 30.0 35.0 61.0 57.0 51.0 21.0 43.0 45.0 30.0 6.0 41.0 60.0 36.0 64.0 27.0 38.0 22.0 36.0 0.0 57.0 35.0 55.0 50.0 48.0 24.0 8.0 0.0 35.0 32.0 41.0 55.0 61.0 50.0 27.0 41.0 52.0 29.0 14.0 44.0 65.0 32.0 61.0 21.0 37.0 19.0 39.0 8.0 86.0 47.0 87.0 84.0 63.0 28.0 43.0 35.0 0.0 55.0 74.0 25.0 87.0 61.0 60.0 48.0 85.0 44.0 48.0 69.0 92.0 32.0 55.0 22.0 50.0 35.0 65.0 43.0 33.0 65.0 35.0 51.0 77.0 54.0 30.0 32.0 55.0 0.0 27.0 63.0 33.0 81.0 19.0 23.0 37.0 59.0 27.0 67.0 37.0 29.0 92.0 33.0 67.0 50.0 62.0 30.0 20.0 67.0 15.0 28.0 73.0 63.0 35.0 41.0 74.0 27.0 0.0 87.0 29.0 79.0 15.0 49.0 12.0 61.0 29.0 57.0 30.0 54.0 97.0 53.0 67.0 55.0 54.0 35.0 95.0 71.0 98.0 103.0 88.0 53.0 61.0 55.0 25.0 63.0 87.0 0.0 94.0 85.0 74.0 47.0 98.0 68.0 66.0 93.0 99.0 35.0 77.0 35.0 75.0 59.0 89.0 61.0 11.0 92.0 20.0 54.0 100.0 84.0 57.0 61.0 87.0 33.0 29.0 94.0 0.0 105.0 37.0 48.0 28.0 86.0 52.0 85.0 6.0 60.0 121.0 65.0 92.0 78.0 82.0 57.0 99.0 17.0 93.0 68.0 8.0 35.0 51.0 50.0 61.0 81.0 79.0 85.0 105.0 0.0 69.0 90.0 86.0 22.0 55.0 29.0 108.0 78.0 26.0 65.0 14.0 33.0 29.0 51.0 32.0 55.0 29.0 33.0 64.0 49.0 21.0 27.0 60.0 19.0 15.0 74.0 37.0 69.0 0.0 41.0 26.0 49.0 16.0 51.0 40.0 42.0 84.0 40.0 56.0 42.0 46.0 21.0 51.0 74.0 56.0 73.0 88.0 58.0 43.0 41.0 48.0 23.0 49.0 47.0 48.0 90.0 41.0 0.0 59.0 68.0 43.0 83.0 53.0 16.0 95.0 29.0 76.0 57.0 78.0 43.0 19.0 75.0 10.0 26.0 80.0 73.0 45.0 52.0 85.0 37.0 12.0 98.0 28.0 86.0 26.0 59.0 0.0 70.0 39.0 62.0 28.0 65.0 105.0 65.0 75.0 65.0 59.0 45.0 80.0 6.0 76.0 57.0 22.0 16.0 30.0 29.0 44.0 59.0 61.0 68.0 86.0 22.0 49.0 68.0 70.0 0.0 34.0 28.0 89.0 57.0 36.0 44.0 9.0 12.0 24.0 30.0 47.0 40.0 44.0 37.0 51.0 34.0 6.0 14.0 48.0 27.0 29.0 66.0 52.0 55.0 16.0 43.0 39.0 34.0 0.0 41.0 55.0 39.0 69.0 32.0 41.0 27.0 36.0 6.0 77.0 28.0 70.0 41.0 21.0 42.0 41.0 44.0 69.0 67.0 57.0 93.0 85.0 29.0 51.0 83.0 62.0 28.0 41.0 0.0 87.0 75.0 54.0 64.0 25.0 35.0 6.0 41.0 10.0 95.0 19.0 54.0 103.0 88.0 60.0 65.0 92.0 37.0 30.0 99.0 6.0 108.0 40.0 53.0 28.0 89.0 55.0 87.0 0.0 65.0 124.0 70.0 95.0 82.0 83.0 60.0 61.0 62.0 64.0 73.0 78.0 45.0 36.0 32.0 32.0 29.0 54.0 35.0 60.0 78.0 42.0 16.0 65.0 57.0 39.0 75.0 65.0 0.0 81.0 14.0 65.0 46.0 70.0 36.0 115.0 31.0 111.0 90.0 34.0 38.0 64.0 61.0 55.0 92.0 97.0 77.0 121.0 26.0 84.0 95.0 105.0 36.0 69.0 54.0 124.0 81.0 0.0 68.0 32.0 43.0 53.0 64.0 65.0 49.0 66.0 68.0 65.0 31.0 27.0 21.0 22.0 33.0 53.0 35.0 65.0 65.0 40.0 29.0 65.0 44.0 32.0 64.0 70.0 14.0 68.0 0.0 51.0 33.0 59.0 27.0 86.0 4.0 81.0 59.0 14.0 23.0 38.0 37.0 50.0 67.0 67.0 75.0 92.0 14.0 56.0 76.0 75.0 9.0 41.0 25.0 95.0 65.0 32.0 51.0 0.0 20.0 23.0 38.0 73.0 17.0 70.0 56.0 33.0 10.0 22.0 19.0 35.0 50.0 55.0 59.0 78.0 33.0 42.0 57.0 65.0 12.0 27.0 35.0 82.0 46.0 43.0 33.0 20.0 0.0 30.0 22.0 74.0 25.0 67.0 39.0 22.0 38.0 36.0 39.0 65.0 62.0 54.0 89.0 82.0 29.0 46.0 78.0 59.0 24.0 36.0 6.0 83.0 70.0 53.0 59.0 23.0 30.0 0.0 36.0 52.0 36.0 49.0 43.0 48.0 29.0 0.0 8.0 43.0 30.0 35.0 61.0 57.0 51.0 21.0 43.0 45.0 30.0 6.0 41.0 60.0 36.0 64.0 27.0 38.0 22.0 36.0 0.0 
11 7 7 12 
25 95 79 29 34 96 68 88 95 34 61 24 50 50 48 43 37 10 24 63 41 83 14 1 15 94 95 26 42 69 8 47 43 94 74 32 50 56 90 54 16 99 18 35 91 1 31 31 82 31 63 33 85 53 50 50 