6 20 1 4 3 125 125 249 250 5 20
15 23 0 0 22 17 0 0 14 13 0 0 0 0 11 27 0 0 26 29 0 0 15 30 
0 5 0 0 0 0 0 4 5 0 0 0 0 1 5 0 1 0 4 1 0 0 0 3 4 3 4 0 0 0 0 4 1 0 0 0 0 4 1 0 0 0 1 1 0 5 5 0 5 0 0 0 0 0 2 0 0 0 3 0 1 4 1 0 0 0 0 3 4 0 0 5 0 1 0 5 3 0 0 5 
0 1 0 1 0 0 1 0 1 1 1 0 1 0 1 1 0 0 0 0 1 1 0 1 0 1 1 1 1 0 
1 1 1 1 1 1 1 1 1 1 1 1 1 1 1 1 1 1 1 1 1 1 1 1 1 1 1 1 1 1 1 1 1 1 1 1 1 1 1 1 1 1 1 1 1 1 1 1 1 1 1 1 1 1 1 1 1 1 1 1 1 1 1 1 1 1 1 1 1 1 1 1 1 1 1 1 1 1 1 1 1 1 1 1 1 1 1 1 1 1 1 1 1 1 1 1 1 1 1 1 
0 0 1 2 0 0 0 0 0 0 0 0 0 0 3 5 5 5 0 0 0 0 0 0 0 0 2 3 1 4 0 0 3 4 0 0 5 5 1 3 0 0 0 0 0 0 5 5 3 4 4 5 5 5 0 0 0 0 0 0 0 0 5 5 2 4 0 0 0 0 0 0 0 0 5 5 1 3 0 0 0 0 0 0 2 4 3 5 0 0 5 5 1 2 0 0 1 4 0 0 0 0 0 0 0 0 0 0 3 4 0 0 0 0 0 0 1 3 0 0 4 4 4 5 5 5 0 0 0 0 0 0 0 0 1 1 1 2 0 0 0 0 4 5 0 0 2 4 0 0 2 2 2 4 0 0 0 0 4 5 
4 3 1 3 
0.0 88.0 65.0 50.0 71.0 39.0 53.0 31.0 39.0 91.0 59.0 98.0 107.0 95.0 95.0 64.0 15.0 92.0 88.0 94.0 32.0 89.0 46.0 56.0 113.0 88.0 74.0 53.0 88.0 0.0 80.0 42.0 57.0 64.0 47.0 76.0 54.0 45.0 90.0 47.0 54.0 18.0 51.0 36.0 82.0 17.0 82.0 18.0 95.0 3.0 46.0 56.0 70.0 54.0 110.0 47.0 65.0 80.0 0.0 48.0 26.0 83.0 38.0 35.0 72.0 51.0 14.0 57.0 63.0 74.0 50.0 45.0 51.0 72.0 25.0 74.0 42.0 83.0 47.0 27.0 59.0 42.0 31.0 38.0 50.0 42.0 48.0 0.0 34.0 43.0 11.0 34.0 31.0 44.0 53.0 51.0 61.0 46.0 50.0 15.0 42.0 43.0 61.0 45.0 54.0 44.0 5.0 22.0 70.0 45.0 74.0 11.0 71.0 57.0 26.0 34.0 0.0 75.0 24.0 43.0 63.0 27.0 38.0 34.0 41.0 50.0 27.0 25.0 58.0 48.0 28.0 49.0 58.0 60.0 35.0 15.0 43.0 19.0 56.0 24.0 39.0 64.0 83.0 43.0 75.0 0.0 52.0 53.0 13.0 86.0 83.0 92.0 101.0 77.0 92.0 57.0 45.0 74.0 101.0 76.0 65.0 64.0 41.0 62.0 112.0 88.0 101.0 52.0 53.0 47.0 38.0 11.0 24.0 52.0 0.0 32.0 40.0 39.0 45.0 46.0 55.0 47.0 43.0 12.0 42.0 44.0 50.0 46.0 51.0 48.0 12.0 12.0 62.0 38.0 66.0 0.0 31.0 76.0 35.0 34.0 43.0 53.0 32.0 0.0 45.0 66.0 31.0 74.0 82.0 78.0 69.0 44.0 16.0 75.0 58.0 77.0 20.0 77.0 31.0 29.0 85.0 61.0 49.0 32.0 39.0 54.0 72.0 31.0 63.0 13.0 40.0 45.0 0.0 73.0 74.0 80.0 89.0 66.0 79.0 44.0 40.0 63.0 89.0 65.0 60.0 55.0 28.0 50.0 99.0 75.0 93.0 40.0 91.0 45.0 51.0 44.0 27.0 86.0 39.0 66.0 73.0 0.0 63.0 8.0 17.0 31.0 7.0 30.0 79.0 30.0 42.0 30.0 83.0 47.0 48.0 37.0 28.0 11.0 80.0 39.0 59.0 90.0 14.0 53.0 38.0 83.0 45.0 31.0 74.0 63.0 0.0 70.0 75.0 85.0 63.0 54.0 45.0 83.0 36.0 85.0 33.0 92.0 52.0 35.0 72.0 55.0 21.0 45.0 98.0 47.0 57.0 51.0 34.0 92.0 46.0 74.0 80.0 8.0 70.0 0.0 10.0 31.0 9.0 37.0 87.0 31.0 46.0 30.0 91.0 49.0 55.0 45.0 24.0 16.0 86.0 46.0 107.0 54.0 63.0 61.0 41.0 101.0 55.0 82.0 89.0 17.0 75.0 10.0 0.0 37.0 14.0 46.0 95.0 38.0 48.0 37.0 98.0 56.0 64.0 53.0 17.0 22.0 90.0 55.0 95.0 18.0 74.0 46.0 50.0 77.0 47.0 78.0 66.0 31.0 85.0 31.0 37.0 0.0 37.0 35.0 87.0 4.0 71.0 1.0 97.0 20.0 50.0 53.0 53.0 41.0 104.0 47.0 95.0 51.0 50.0 50.0 27.0 92.0 43.0 69.0 79.0 7.0 63.0 9.0 14.0 37.0 0.0 35.0 82.0 37.0 38.0 36.0 85.0 54.0 53.0 40.0 21.0 8.0 78.0 43.0 64.0 36.0 45.0 15.0 25.0 57.0 12.0 44.0 44.0 30.0 54.0 37.0 46.0 35.0 35.0 0.0 54.0 32.0 52.0 34.0 63.0 38.0 19.0 20.0 56.0 32.0 74.0 12.0 15.0 82.0 51.0 42.0 58.0 45.0 42.0 16.0 40.0 79.0 45.0 87.0 95.0 87.0 82.0 54.0 0.0 84.0 74.0 86.0 21.0 83.0 38.0 43.0 100.0 76.0 61.0 42.0 92.0 17.0 72.0 43.0 48.0 74.0 44.0 75.0 63.0 30.0 83.0 31.0 38.0 4.0 37.0 32.0 84.0 0.0 70.0 3.0 94.0 19.0 47.0 50.0 54.0 40.0 102.0 44.0 88.0 82.0 25.0 61.0 28.0 101.0 50.0 58.0 89.0 42.0 36.0 46.0 48.0 71.0 38.0 52.0 74.0 70.0 0.0 71.0 67.0 85.0 62.0 40.0 40.0 32.0 45.0 50.0 94.0 18.0 74.0 45.0 49.0 76.0 46.0 77.0 65.0 30.0 85.0 30.0 37.0 1.0 36.0 34.0 86.0 3.0 71.0 0.0 96.0 20.0 49.0 52.0 53.0 40.0 104.0 46.0 32.0 95.0 42.0 54.0 58.0 65.0 51.0 20.0 60.0 83.0 33.0 91.0 98.0 97.0 85.0 63.0 21.0 94.0 67.0 96.0 0.0 97.0 50.0 47.0 99.0 77.0 43.0 51.0 89.0 3.0 83.0 44.0 60.0 64.0 48.0 77.0 55.0 47.0 92.0 49.0 56.0 20.0 54.0 38.0 83.0 19.0 85.0 20.0 97.0 0.0 47.0 58.0 72.0 56.0 112.0 48.0 46.0 46.0 47.0 5.0 35.0 41.0 12.0 31.0 28.0 48.0 52.0 55.0 64.0 50.0 53.0 19.0 38.0 47.0 62.0 49.0 50.0 47.0 0.0 23.0 73.0 48.0 72.0 12.0 56.0 56.0 27.0 22.0 15.0 62.0 12.0 29.0 50.0 37.0 35.0 45.0 53.0 53.0 40.0 20.0 43.0 50.0 40.0 52.0 47.0 58.0 23.0 0.0 57.0 33.0 55.0 12.0 113.0 70.0 59.0 70.0 43.0 112.0 62.0 85.0 99.0 28.0 72.0 24.0 17.0 53.0 21.0 56.0 100.0 54.0 40.0 53.0 99.0 72.0 73.0 57.0 0.0 25.0 83.0 62.0 88.0 54.0 42.0 45.0 19.0 88.0 38.0 61.0 75.0 11.0 55.0 16.0 22.0 41.0 8.0 32.0 76.0 40.0 32.0 40.0 77.0 56.0 48.0 33.0 25.0 0.0 70.0 38.0 74.0 110.0 31.0 74.0 56.0 101.0 66.0 49.0 93.0 80.0 21.0 86.0 90.0 104.0 78.0 74.0 61.0 102.0 45.0 104.0 43.0 112.0 72.0 55.0 83.0 70.0 0.0 66.0 53.0 47.0 38.0 11.0 24.0 52.0 0.0 32.0 40.0 39.0 45.0 46.0 55.0 47.0 43.0 12.0 42.0 44.0 50.0 46.0 51.0 48.0 12.0 12.0 62.0 38.0 66.0 0.0 
2 7 12 1 
96 75 9 71 68 17 49 60 45 27 66 99 50 50 81 49 60 88 19 28 81 18 12 25 6 18 4 54 19 21 38 50 90 62 7 55 50 0 5 54 100 44 8 73 53 61 54 39 11 2 27 21 94 2 50 50 