6 20 1 4 3 260 125 520 250 5 20
12 22 0 0 15 30 0 0 9 30 0 0 0 0 22 13 0 0 24 34 0 0 16 18 
0 0 1 0 0 4 0 2 0 4 1 2 0 0 3 3 0 2 3 0 0 0 1 3 2 0 1 0 5 1 0 4 1 5 0 0 0 4 0 3 5 0 4 5 0 0 5 0 0 0 3 4 1 5 1 0 0 0 0 3 5 4 4 0 2 0 0 1 0 3 0 3 0 0 5 1 0 0 3 4 
0 1 1 0 1 0 0 1 0 0 0 1 0 1 1 1 0 0 0 0 0 0 0 0 0 1 1 1 1 1 
1 1 1 1 1 1 1 1 1 1 1 1 1 1 1 1 1 1 1 1 1 1 1 1 1 1 1 1 1 1 1 1 1 1 1 1 1 1 1 1 1 1 1 1 1 1 1 1 1 1 1 1 1 1 1 1 1 1 1 1 1 1 1 1 1 1 1 1 1 1 1 1 1 1 1 1 1 1 1 1 1 1 1 1 1 1 1 1 1 1 1 1 1 1 1 1 1 1 1 1 
0 0 0 0 5 5 0 0 0 0 5 5 0 0 3 5 0 0 2 3 4 5 5 5 0 0 0 0 4 5 5 5 0 0 4 5 4 5 0 0 0 0 0 0 5 5 1 4 3 4 0 0 1 4 0 0 4 5 2 3 0 0 4 5 4 5 3 4 0 0 0 0 0 0 1 4 0 0 2 5 3 4 0 0 5 5 5 5 0 0 0 0 1 2 0 0 0 0 0 0 4 5 3 5 5 5 4 5 5 5 0 0 0 0 0 0 0 0 5 5 1 3 3 5 4 5 0 0 3 4 0 0 0 0 3 4 0 0 1 2 0 0 3 4 0 0 0 0 3 4 3 4 0 0 0 0 4 5 1 5 
4 5 4 1 
0.0 37.0 88.0 90.0 68.0 37.0 55.0 47.0 73.0 69.0 42.0 84.0 58.0 82.0 103.0 115.0 73.0 48.0 86.0 100.0 50.0 95.0 63.0 60.0 89.0 88.0 35.0 55.0 37.0 0.0 56.0 62.0 35.0 46.0 41.0 11.0 43.0 37.0 17.0 60.0 22.0 58.0 90.0 94.0 70.0 39.0 61.0 72.0 44.0 72.0 33.0 62.0 53.0 74.0 9.0 41.0 88.0 56.0 0.0 16.0 21.0 74.0 46.0 46.0 17.0 19.0 47.0 27.0 45.0 25.0 63.0 51.0 66.0 53.0 22.0 20.0 56.0 32.0 26.0 72.0 32.0 52.0 55.0 46.0 90.0 62.0 16.0 0.0 30.0 70.0 41.0 53.0 20.0 26.0 49.0 14.0 56.0 13.0 48.0 36.0 55.0 49.0 8.0 10.0 51.0 17.0 30.0 63.0 47.0 38.0 59.0 41.0 68.0 35.0 21.0 30.0 0.0 59.0 35.0 25.0 12.0 4.0 27.0 33.0 27.0 31.0 70.0 65.0 62.0 40.0 31.0 38.0 45.0 43.0 10.0 63.0 30.0 55.0 34.0 35.0 37.0 46.0 74.0 70.0 59.0 0.0 30.0 49.0 58.0 58.0 36.0 59.0 64.0 59.0 69.0 86.0 38.0 22.0 64.0 79.0 20.0 69.0 50.0 23.0 87.0 55.0 38.0 30.0 55.0 41.0 46.0 41.0 35.0 30.0 0.0 38.0 30.0 33.0 25.0 31.0 50.0 30.0 51.0 60.0 30.0 9.0 35.0 50.0 11.0 41.0 26.0 29.0 65.0 34.0 33.0 0.0 47.0 11.0 46.0 53.0 25.0 49.0 38.0 0.0 34.0 28.0 15.0 52.0 15.0 50.0 84.0 86.0 67.0 37.0 52.0 62.0 43.0 64.0 24.0 62.0 43.0 69.0 13.0 38.0 73.0 43.0 17.0 20.0 12.0 58.0 30.0 34.0 0.0 8.0 32.0 22.0 38.0 20.0 59.0 54.0 55.0 37.0 20.0 29.0 41.0 32.0 11.0 58.0 38.0 45.0 40.0 30.0 69.0 37.0 19.0 26.0 4.0 58.0 33.0 28.0 8.0 0.0 28.0 29.0 31.0 27.0 66.0 61.0 59.0 38.0 27.0 35.0 42.0 39.0 8.0 61.0 33.0 51.0 36.0 33.0 42.0 17.0 47.0 49.0 27.0 36.0 25.0 15.0 32.0 28.0 0.0 45.0 29.0 44.0 74.0 79.0 54.0 23.0 47.0 59.0 29.0 57.0 21.0 48.0 53.0 57.0 10.0 25.0 84.0 60.0 27.0 14.0 33.0 59.0 31.0 52.0 22.0 29.0 45.0 0.0 58.0 2.0 38.0 34.0 42.0 39.0 6.0 21.0 40.0 13.0 29.0 51.0 56.0 26.0 55.0 31.0 58.0 22.0 45.0 56.0 27.0 64.0 50.0 15.0 38.0 31.0 29.0 58.0 0.0 57.0 94.0 91.0 80.0 51.0 57.0 64.0 57.0 69.0 31.0 77.0 33.0 79.0 28.0 50.0 82.0 58.0 25.0 13.0 31.0 59.0 30.0 50.0 20.0 27.0 44.0 2.0 57.0 0.0 40.0 36.0 43.0 38.0 6.0 21.0 40.0 14.0 27.0 51.0 54.0 28.0 54.0 30.0 103.0 90.0 63.0 48.0 70.0 69.0 51.0 84.0 59.0 66.0 74.0 38.0 94.0 40.0 0.0 28.0 34.0 56.0 42.0 49.0 53.0 32.0 64.0 49.0 94.0 17.0 83.0 51.0 115.0 94.0 51.0 36.0 65.0 86.0 60.0 86.0 54.0 61.0 79.0 34.0 91.0 36.0 28.0 0.0 56.0 68.0 35.0 32.0 67.0 22.0 62.0 70.0 82.0 33.0 89.0 60.0 73.0 70.0 66.0 55.0 62.0 38.0 30.0 67.0 55.0 59.0 54.0 42.0 80.0 43.0 34.0 56.0 0.0 32.0 48.0 61.0 27.0 46.0 54.0 16.0 92.0 24.0 62.0 30.0 48.0 39.0 53.0 49.0 40.0 22.0 9.0 37.0 37.0 38.0 23.0 39.0 51.0 38.0 56.0 68.0 32.0 0.0 43.0 58.0 6.0 49.0 31.0 26.0 70.0 40.0 30.0 9.0 86.0 61.0 22.0 8.0 31.0 64.0 35.0 52.0 20.0 27.0 47.0 6.0 57.0 6.0 42.0 35.0 48.0 43.0 0.0 15.0 45.0 13.0 29.0 57.0 52.0 31.0 56.0 35.0 100.0 72.0 20.0 10.0 38.0 79.0 50.0 62.0 29.0 35.0 59.0 21.0 64.0 21.0 49.0 32.0 61.0 58.0 15.0 0.0 60.0 17.0 39.0 71.0 51.0 42.0 68.0 50.0 50.0 44.0 56.0 51.0 45.0 20.0 11.0 43.0 41.0 42.0 29.0 40.0 57.0 40.0 53.0 67.0 27.0 6.0 45.0 60.0 0.0 50.0 35.0 20.0 74.0 38.0 36.0 11.0 95.0 72.0 32.0 17.0 43.0 69.0 41.0 64.0 32.0 39.0 57.0 13.0 69.0 14.0 32.0 22.0 46.0 49.0 13.0 17.0 50.0 0.0 40.0 58.0 63.0 25.0 67.0 41.0 63.0 33.0 26.0 30.0 10.0 50.0 26.0 24.0 11.0 8.0 21.0 29.0 31.0 27.0 64.0 62.0 54.0 31.0 29.0 39.0 35.0 40.0 0.0 54.0 39.0 49.0 30.0 26.0 60.0 62.0 72.0 63.0 63.0 23.0 29.0 62.0 58.0 61.0 48.0 51.0 77.0 51.0 49.0 70.0 16.0 26.0 57.0 71.0 20.0 58.0 54.0 0.0 93.0 38.0 54.0 29.0 89.0 53.0 32.0 47.0 30.0 87.0 65.0 43.0 38.0 33.0 53.0 56.0 33.0 54.0 94.0 82.0 92.0 70.0 52.0 51.0 74.0 63.0 39.0 93.0 0.0 81.0 56.0 65.0 88.0 74.0 52.0 38.0 55.0 55.0 34.0 69.0 45.0 51.0 57.0 26.0 79.0 28.0 17.0 33.0 24.0 40.0 31.0 42.0 38.0 25.0 49.0 38.0 81.0 0.0 67.0 34.0 35.0 9.0 55.0 59.0 34.0 38.0 33.0 13.0 40.0 36.0 10.0 55.0 28.0 54.0 83.0 89.0 62.0 30.0 56.0 68.0 36.0 67.0 30.0 54.0 56.0 67.0 0.0 33.0 55.0 41.0 46.0 41.0 35.0 30.0 0.0 38.0 30.0 33.0 25.0 31.0 50.0 30.0 51.0 60.0 30.0 9.0 35.0 50.0 11.0 41.0 26.0 29.0 65.0 34.0 33.0 0.0 
1 15 10 8 
85 8 90 44 64 93 49 90 74 75 51 21 50 50 87 54 63 77 70 75 74 48 42 79 98 64 44 79 5 72 14 98 21 43 52 42 45 84 45 99 47 40 33 87 68 68 30 30 95 96 20 66 82 42 50 50 