6 20 1 4 3 167 125 333 250 5 20
31 10 0 0 27 8 0 0 19 15 0 0 0 0 15 30 0 0 23 15 0 0 12 17 
0 2 0 0 4 0 2 0 2 0 2 3 3 0 0 0 0 2 2 0 0 0 2 0 4 2 0 5 2 0 0 4 1 4 0 1 2 0 0 5 2 3 0 5 5 0 5 0 0 1 5 0 2 0 0 0 0 5 2 0 0 0 0 3 4 1 2 3 4 0 0 4 0 0 2 5 0 0 4 3 
1 0 0 0 1 1 1 0 0 1 1 0 0 1 1 0 0 0 0 0 1 1 1 1 0 1 1 0 0 1 
1 1 1 1 1 1 1 1 1 1 1 1 1 1 1 1 1 1 1 1 1 1 1 1 1 1 1 1 1 1 1 1 1 1 1 1 1 1 1 1 1 1 1 1 1 1 1 1 1 1 1 1 1 1 1 1 1 1 1 1 1 1 1 1 1 1 1 1 1 1 1 1 1 1 1 1 1 1 1 1 1 1 1 1 1 1 1 1 1 1 1 1 1 1 1 1 1 1 1 1 
0 0 5 5 0 0 0 0 1 3 0 0 2 3 0 0 2 5 0 0 5 5 3 4 1 4 0 0 0 0 0 0 0 0 1 5 4 5 0 0 0 0 0 0 3 5 0 0 1 2 1 3 0 0 4 5 2 2 0 0 0 0 3 5 3 5 1 2 0 0 1 2 4 5 0 0 0 0 4 5 5 5 5 5 0 0 4 5 3 5 0 0 3 3 0 0 0 0 4 5 4 5 0 0 3 5 0 0 0 0 0 0 0 0 5 5 5 5 0 0 0 0 0 0 0 0 1 2 4 4 3 4 4 5 1 4 4 5 0 0 0 0 2 2 0 0 0 0 4 5 3 3 0 0 0 0 2 3 4 5 
5 3 1 2 
0.0 32.0 30.0 14.0 30.0 55.0 27.0 30.0 32.0 20.0 43.0 63.0 47.0 28.0 57.0 87.0 67.0 23.0 18.0 23.0 43.0 85.0 57.0 75.0 13.0 18.0 20.0 27.0 32.0 0.0 24.0 41.0 19.0 86.0 58.0 55.0 63.0 16.0 54.0 83.0 66.0 16.0 86.0 118.0 93.0 33.0 30.0 30.0 72.0 115.0 77.0 106.0 38.0 49.0 50.0 58.0 30.0 24.0 0.0 43.0 6.0 79.0 52.0 59.0 55.0 14.0 68.0 92.0 76.0 35.0 86.0 112.0 77.0 45.0 40.0 44.0 72.0 111.0 86.0 100.0 42.0 44.0 49.0 52.0 14.0 41.0 43.0 0.0 42.0 48.0 23.0 17.0 28.0 32.0 34.0 50.0 35.0 32.0 46.0 79.0 68.0 19.0 16.0 21.0 32.0 75.0 44.0 66.0 4.0 16.0 10.0 23.0 30.0 19.0 6.0 42.0 0.0 81.0 54.0 58.0 57.0 11.0 65.0 90.0 74.0 30.0 86.0 114.0 81.0 42.0 38.0 40.0 73.0 113.0 84.0 102.0 41.0 45.0 49.0 54.0 55.0 86.0 79.0 48.0 81.0 0.0 28.0 43.0 25.0 74.0 69.0 57.0 56.0 80.0 27.0 33.0 41.0 65.0 63.0 67.0 26.0 34.0 54.0 22.0 51.0 38.0 38.0 28.0 27.0 58.0 52.0 23.0 54.0 28.0 0.0 25.0 7.0 46.0 51.0 55.0 45.0 53.0 37.0 61.0 47.0 40.0 38.0 43.0 25.0 59.0 49.0 49.0 26.0 10.0 14.0 0.0 30.0 55.0 59.0 17.0 58.0 43.0 25.0 0.0 31.0 48.0 27.0 34.0 21.0 44.0 32.0 70.0 72.0 25.0 26.0 28.0 20.0 64.0 28.0 57.0 18.0 25.0 14.0 25.0 32.0 63.0 55.0 28.0 57.0 25.0 7.0 31.0 0.0 50.0 57.0 58.0 50.0 58.0 38.0 57.0 41.0 47.0 44.0 49.0 27.0 57.0 54.0 46.0 32.0 14.0 20.0 7.0 20.0 16.0 14.0 32.0 11.0 74.0 46.0 48.0 50.0 0.0 54.0 79.0 63.0 22.0 77.0 106.0 78.0 31.0 27.0 30.0 63.0 104.0 73.0 94.0 30.0 37.0 40.0 46.0 43.0 54.0 68.0 34.0 65.0 69.0 51.0 27.0 57.0 54.0 0.0 34.0 19.0 39.0 52.0 93.0 98.0 23.0 28.0 25.0 44.0 85.0 29.0 80.0 32.0 49.0 39.0 51.0 63.0 83.0 92.0 50.0 90.0 57.0 55.0 34.0 58.0 79.0 34.0 0.0 18.0 69.0 32.0 71.0 95.0 51.0 54.0 53.0 33.0 59.0 6.0 59.0 50.0 57.0 47.0 55.0 47.0 66.0 76.0 35.0 74.0 56.0 45.0 21.0 50.0 63.0 19.0 18.0 0.0 52.0 36.0 77.0 90.0 34.0 37.0 36.0 30.0 67.0 12.0 64.0 35.0 45.0 35.0 45.0 28.0 16.0 35.0 32.0 30.0 80.0 53.0 44.0 58.0 22.0 39.0 69.0 52.0 0.0 75.0 111.0 94.0 19.0 18.0 17.0 62.0 106.0 64.0 98.0 29.0 45.0 42.0 53.0 57.0 86.0 86.0 46.0 86.0 27.0 37.0 32.0 38.0 77.0 52.0 32.0 36.0 75.0 0.0 42.0 67.0 57.0 58.0 60.0 14.0 33.0 30.0 28.0 48.0 44.0 38.0 37.0 87.0 118.0 112.0 79.0 114.0 33.0 61.0 70.0 57.0 106.0 93.0 71.0 77.0 111.0 42.0 0.0 59.0 94.0 94.0 97.0 51.0 14.0 71.0 14.0 82.0 70.0 69.0 61.0 67.0 93.0 77.0 68.0 81.0 41.0 47.0 72.0 41.0 78.0 98.0 95.0 90.0 94.0 67.0 59.0 0.0 85.0 82.0 87.0 63.0 67.0 91.0 56.0 70.0 52.0 60.0 47.0 23.0 33.0 45.0 19.0 42.0 65.0 40.0 25.0 47.0 31.0 23.0 51.0 34.0 19.0 57.0 94.0 85.0 0.0 5.0 3.0 45.0 89.0 45.0 81.0 16.0 34.0 28.0 40.0 18.0 30.0 40.0 16.0 38.0 63.0 38.0 26.0 44.0 27.0 28.0 54.0 37.0 18.0 58.0 94.0 82.0 5.0 0.0 6.0 45.0 89.0 48.0 80.0 13.0 31.0 25.0 38.0 23.0 30.0 44.0 21.0 40.0 67.0 43.0 28.0 49.0 30.0 25.0 53.0 36.0 17.0 60.0 97.0 87.0 3.0 6.0 0.0 47.0 91.0 48.0 84.0 17.0 36.0 30.0 43.0 43.0 72.0 72.0 32.0 73.0 26.0 25.0 20.0 27.0 63.0 44.0 33.0 30.0 62.0 14.0 51.0 63.0 45.0 45.0 47.0 0.0 45.0 29.0 37.0 35.0 31.0 24.0 25.0 85.0 115.0 111.0 75.0 113.0 34.0 59.0 64.0 57.0 104.0 85.0 59.0 67.0 106.0 33.0 14.0 67.0 89.0 89.0 91.0 45.0 0.0 60.0 13.0 78.0 68.0 66.0 59.0 57.0 77.0 86.0 44.0 84.0 54.0 49.0 28.0 54.0 73.0 29.0 6.0 12.0 64.0 30.0 71.0 91.0 45.0 48.0 48.0 29.0 60.0 0.0 58.0 44.0 52.0 41.0 49.0 75.0 106.0 100.0 66.0 102.0 22.0 49.0 57.0 46.0 94.0 80.0 59.0 64.0 98.0 28.0 14.0 56.0 81.0 80.0 84.0 37.0 13.0 58.0 0.0 69.0 58.0 56.0 49.0 13.0 38.0 42.0 4.0 41.0 51.0 26.0 18.0 32.0 30.0 32.0 50.0 35.0 29.0 48.0 82.0 70.0 16.0 13.0 17.0 35.0 78.0 44.0 69.0 0.0 19.0 13.0 26.0 18.0 49.0 44.0 16.0 45.0 38.0 10.0 25.0 14.0 37.0 49.0 57.0 45.0 45.0 44.0 70.0 52.0 34.0 31.0 36.0 31.0 68.0 52.0 58.0 19.0 0.0 11.0 10.0 20.0 50.0 49.0 10.0 49.0 38.0 14.0 14.0 20.0 40.0 39.0 47.0 35.0 42.0 38.0 69.0 60.0 28.0 25.0 30.0 24.0 66.0 41.0 56.0 13.0 11.0 0.0 14.0 27.0 58.0 52.0 23.0 54.0 28.0 0.0 25.0 7.0 46.0 51.0 55.0 45.0 53.0 37.0 61.0 47.0 40.0 38.0 43.0 25.0 59.0 49.0 49.0 26.0 10.0 14.0 0.0 
9 8 8 1 
64 27 81 1 93 21 51 28 91 16 33 72 50 50 35 30 51 56 80 16 28 4 2 25 18 19 66 0 14 54 10 95 68 93 50 10 54 13 52 8 26 47 2 84 8 25 14 82 52 25 56 43 47 37 50 50 