6 20 1 4 3 268 125 536 250 5 20
4 30 0 0 3 17 0 0 6 16 0 0 0 0 35 11 0 0 37 23 0 0 15 28 
0 0 3 0 1 4 0 0 0 4 0 3 1 0 3 4 0 0 0 2 0 0 0 1 2 5 3 1 0 2 5 0 1 4 0 1 1 0 3 1 1 0 5 5 0 5 0 0 0 1 0 1 0 3 0 0 0 0 5 3 0 3 5 2 0 0 0 3 0 0 3 1 0 0 0 1 0 1 2 0 
0 0 1 1 0 0 1 0 0 1 1 1 0 1 1 0 1 0 1 0 1 1 1 0 0 1 0 0 0 1 
1 1 1 1 1 1 1 1 1 1 1 1 1 1 1 1 1 1 1 1 1 1 1 1 1 1 1 1 1 1 1 1 1 1 1 1 1 1 1 1 1 1 1 1 1 1 1 1 1 1 1 1 1 1 1 1 1 1 1 1 1 1 1 1 1 1 1 1 1 1 1 1 1 1 1 1 1 1 1 1 1 1 1 1 1 1 1 1 1 1 1 1 1 1 1 1 1 1 1 1 
0 0 0 0 3 3 0 0 5 5 3 5 0 0 0 0 0 0 2 2 0 0 4 5 2 4 0 0 3 4 5 5 0 0 0 0 0 0 1 4 0 0 0 0 0 0 2 4 5 5 1 5 2 2 4 5 0 0 3 4 5 5 0 0 3 5 5 5 0 0 5 5 5 5 0 0 3 4 4 5 3 4 0 0 1 1 4 5 0 0 4 5 0 0 0 0 0 0 1 5 0 0 4 5 0 0 2 4 0 0 0 0 0 0 0 0 1 4 2 5 0 0 5 5 2 5 3 4 0 0 0 0 0 0 2 4 0 0 0 0 3 5 3 5 0 0 0 0 0 0 5 5 0 0 2 3 5 5 0 0 
2 5 5 5 
0.0 39.0 32.0 86.0 14.0 35.0 38.0 78.0 14.0 31.0 55.0 45.0 64.0 22.0 42.0 99.0 78.0 63.0 18.0 23.0 19.0 92.0 31.0 32.0 22.0 82.0 54.0 38.0 39.0 0.0 9.0 57.0 47.0 5.0 17.0 41.0 26.0 21.0 49.0 21.0 30.0 53.0 26.0 67.0 48.0 25.0 56.0 47.0 42.0 56.0 16.0 55.0 58.0 47.0 16.0 17.0 32.0 9.0 0.0 58.0 41.0 8.0 12.0 49.0 20.0 22.0 44.0 18.0 38.0 45.0 21.0 70.0 50.0 34.0 48.0 43.0 38.0 61.0 16.0 46.0 50.0 51.0 24.0 12.0 86.0 57.0 58.0 0.0 97.0 61.0 49.0 62.0 76.0 77.0 46.0 42.0 67.0 88.0 45.0 16.0 9.0 57.0 96.0 101.0 96.0 23.0 72.0 80.0 95.0 19.0 51.0 49.0 14.0 47.0 41.0 97.0 0.0 42.0 49.0 81.0 22.0 33.0 69.0 56.0 67.0 32.0 54.0 110.0 90.0 67.0 23.0 11.0 11.0 102.0 34.0 43.0 29.0 92.0 61.0 49.0 35.0 5.0 8.0 61.0 42.0 0.0 19.0 44.0 22.0 16.0 50.0 23.0 32.0 50.0 27.0 72.0 53.0 29.0 51.0 42.0 37.0 61.0 11.0 52.0 54.0 52.0 20.0 19.0 38.0 17.0 12.0 49.0 49.0 19.0 0.0 53.0 28.0 34.0 32.0 7.0 45.0 45.0 9.0 62.0 41.0 39.0 51.0 53.0 48.0 55.0 28.0 43.0 51.0 45.0 27.0 0.0 78.0 41.0 49.0 62.0 81.0 44.0 53.0 0.0 65.0 49.0 81.0 52.0 16.0 93.0 59.0 63.0 56.0 16.0 95.0 77.0 74.0 47.0 48.0 94.0 97.0 44.0 26.0 53.0 14.0 26.0 20.0 76.0 22.0 22.0 28.0 65.0 0.0 20.0 52.0 35.0 51.0 31.0 34.0 89.0 68.0 50.0 31.0 26.0 21.0 81.0 19.0 38.0 34.0 71.0 41.0 28.0 31.0 21.0 22.0 77.0 33.0 16.0 34.0 49.0 20.0 0.0 64.0 39.0 35.0 51.0 42.0 87.0 68.0 36.0 49.0 29.0 25.0 76.0 6.0 57.0 52.0 67.0 31.0 34.0 55.0 49.0 44.0 46.0 69.0 50.0 32.0 81.0 52.0 64.0 0.0 30.0 75.0 48.0 24.0 61.0 43.0 68.0 59.0 76.0 71.0 64.0 59.0 38.0 56.0 54.0 57.0 32.0 45.0 21.0 18.0 42.0 56.0 23.0 7.0 52.0 35.0 39.0 30.0 0.0 46.0 50.0 7.0 55.0 34.0 39.0 56.0 59.0 54.0 50.0 34.0 47.0 56.0 39.0 27.0 7.0 64.0 30.0 38.0 67.0 67.0 32.0 45.0 16.0 51.0 35.0 75.0 46.0 0.0 81.0 52.0 71.0 59.0 10.0 81.0 62.0 59.0 55.0 34.0 84.0 84.0 50.0 19.0 45.0 22.0 53.0 45.0 88.0 32.0 50.0 45.0 93.0 31.0 51.0 48.0 50.0 81.0 0.0 45.0 102.0 81.0 78.0 12.0 42.0 40.0 99.0 49.0 14.0 8.0 88.0 68.0 45.0 42.0 26.0 21.0 45.0 54.0 27.0 9.0 59.0 34.0 42.0 24.0 7.0 52.0 45.0 0.0 58.0 37.0 45.0 52.0 59.0 54.0 54.0 37.0 41.0 52.0 44.0 34.0 9.0 99.0 67.0 70.0 16.0 110.0 72.0 62.0 63.0 89.0 87.0 61.0 55.0 71.0 102.0 58.0 0.0 22.0 62.0 110.0 112.0 107.0 18.0 82.0 95.0 110.0 22.0 59.0 62.0 78.0 48.0 50.0 9.0 90.0 53.0 41.0 56.0 68.0 68.0 43.0 34.0 59.0 81.0 37.0 22.0 0.0 50.0 89.0 93.0 88.0 22.0 64.0 75.0 89.0 15.0 43.0 41.0 63.0 25.0 34.0 57.0 67.0 29.0 39.0 16.0 50.0 36.0 68.0 39.0 10.0 78.0 45.0 62.0 50.0 0.0 80.0 64.0 60.0 47.0 33.0 79.0 82.0 41.0 12.0 39.0 18.0 56.0 48.0 96.0 23.0 51.0 51.0 95.0 31.0 49.0 59.0 56.0 81.0 12.0 52.0 110.0 89.0 80.0 0.0 34.0 33.0 105.0 49.0 25.0 6.0 95.0 71.0 51.0 23.0 47.0 43.0 101.0 11.0 42.0 53.0 77.0 26.0 29.0 76.0 59.0 62.0 42.0 59.0 112.0 93.0 64.0 34.0 0.0 5.0 103.0 32.0 54.0 39.0 93.0 59.0 53.0 19.0 42.0 38.0 96.0 11.0 37.0 48.0 74.0 21.0 25.0 71.0 54.0 59.0 40.0 54.0 107.0 88.0 60.0 33.0 5.0 0.0 98.0 28.0 51.0 38.0 88.0 55.0 48.0 92.0 56.0 61.0 23.0 102.0 61.0 55.0 47.0 81.0 76.0 64.0 50.0 55.0 99.0 54.0 18.0 22.0 47.0 105.0 103.0 98.0 0.0 71.0 94.0 106.0 11.0 45.0 55.0 31.0 16.0 16.0 72.0 34.0 11.0 28.0 48.0 19.0 6.0 59.0 34.0 34.0 49.0 37.0 82.0 64.0 33.0 49.0 32.0 28.0 71.0 0.0 55.0 52.0 62.0 27.0 28.0 32.0 55.0 46.0 80.0 43.0 52.0 43.0 94.0 38.0 57.0 38.0 47.0 84.0 14.0 41.0 95.0 75.0 79.0 25.0 54.0 51.0 94.0 55.0 0.0 21.0 84.0 69.0 43.0 22.0 58.0 50.0 95.0 29.0 54.0 51.0 97.0 34.0 52.0 56.0 56.0 84.0 8.0 52.0 110.0 89.0 82.0 6.0 39.0 38.0 106.0 52.0 21.0 0.0 95.0 73.0 51.0 82.0 47.0 51.0 19.0 92.0 52.0 45.0 44.0 71.0 67.0 54.0 39.0 50.0 88.0 44.0 22.0 15.0 41.0 95.0 93.0 88.0 11.0 62.0 84.0 95.0 0.0 38.0 45.0 54.0 16.0 24.0 51.0 61.0 20.0 27.0 26.0 41.0 31.0 57.0 27.0 19.0 68.0 34.0 59.0 43.0 12.0 71.0 59.0 55.0 45.0 27.0 69.0 73.0 38.0 0.0 27.0 38.0 17.0 12.0 49.0 49.0 19.0 0.0 53.0 28.0 34.0 32.0 7.0 45.0 45.0 9.0 62.0 41.0 39.0 51.0 53.0 48.0 55.0 28.0 43.0 51.0 45.0 27.0 0.0 
8 10 11 14 
80 73 42 65 50 62 18 14 83 86 46 68 50 50 3 74 67 72 51 83 63 21 46 45 17 80 94 57 52 42 3 11 21 22 18 71 97 68 77 95 74 91 0 28 50 78 92 44 99 63 10 31 27 64 50 50 