4 10 2 4 3 177 65 353 125 10 11
12 14 0 0 18 11 0 0 0 0 7 24 0 0 7 17 
2 0 1 5 3 1 3 0 2 0 0 3 4 4 0 1 0 0 0 5 3 0 0 0 0 5 1 5 4 2 0 2 5 5 2 1 0 0 0 4 
1 1 1 1 0 1 1 1 0 1 1 1 1 1 1 0 0 0 1 1 1 0 0 1 0 1 0 1 0 0 1 0 0 1 1 0 0 0 1 1 
1 1 1 1 1 1 1 1 1 1 1 1 1 1 1 1 1 1 1 1 1 1 1 1 1 1 1 1 1 1 1 1 1 1 1 1 1 1 1 1 1 1 1 1 1 1 1 1 1 1 1 1 1 1 1 1 1 1 1 1 1 1 1 1 1 1 1 1 1 1 1 1 1 1 1 1 1 1 1 1 1 1 1 1 1 1 1 1 1 1 1 1 1 1 1 1 1 1 1 1 
4 5 0 0 1 3 7 7 3 5 2 5 2 10 0 0 5 7 0 0 0 0 7 9 5 9 7 9 0 0 3 3 0 0 0 0 0 0 5 8 4 4 0 0 0 0 0 0 0 0 6 8 7 8 3 10 5 6 1 9 0 0 7 8 3 7 5 6 5 5 2 8 0 0 0 0 0 0 10 10 
3 6 3 3 
0.0 76.0 18.0 60.0 24.0 67.0 10.0 22.0 78.0 24.0 34.0 75.0 50.0 80.0 42.0 30.0 24.0 67.0 76.0 0.0 79.0 26.0 85.0 21.0 84.0 76.0 75.0 75.0 77.0 7.0 41.0 73.0 56.0 103.0 85.0 21.0 18.0 79.0 0.0 59.0 41.0 74.0 15.0 39.0 94.0 42.0 51.0 77.0 62.0 96.0 32.0 41.0 41.0 74.0 60.0 26.0 59.0 0.0 75.0 35.0 67.0 67.0 85.0 66.0 72.0 21.0 45.0 84.0 32.0 89.0 75.0 35.0 24.0 85.0 41.0 75.0 0.0 71.0 28.0 10.0 65.0 12.0 16.0 86.0 50.0 67.0 63.0 22.0 0.0 71.0 67.0 21.0 74.0 35.0 71.0 0.0 76.0 62.0 55.0 60.0 61.0 25.0 23.0 53.0 59.0 91.0 71.0 0.0 10.0 84.0 15.0 67.0 28.0 76.0 0.0 29.0 87.0 31.0 41.0 83.0 59.0 89.0 44.0 27.0 28.0 76.0 22.0 76.0 39.0 67.0 10.0 62.0 29.0 0.0 59.0 3.0 13.0 77.0 41.0 62.0 57.0 30.0 10.0 62.0 78.0 75.0 94.0 85.0 65.0 55.0 87.0 59.0 0.0 56.0 49.0 80.0 42.0 5.0 97.0 86.0 65.0 55.0 24.0 75.0 42.0 66.0 12.0 60.0 31.0 3.0 56.0 0.0 10.0 76.0 38.0 59.0 58.0 33.0 12.0 60.0 34.0 77.0 51.0 72.0 16.0 61.0 41.0 13.0 49.0 10.0 0.0 79.0 38.0 51.0 67.0 38.0 16.0 61.0 75.0 7.0 77.0 21.0 86.0 25.0 83.0 77.0 80.0 76.0 79.0 0.0 45.0 78.0 52.0 103.0 86.0 25.0 50.0 41.0 62.0 45.0 50.0 23.0 59.0 41.0 42.0 38.0 38.0 45.0 0.0 42.0 57.0 70.0 50.0 23.0 80.0 73.0 96.0 84.0 67.0 53.0 89.0 62.0 5.0 59.0 51.0 78.0 42.0 0.0 97.0 89.0 67.0 53.0 42.0 56.0 32.0 32.0 63.0 59.0 44.0 57.0 97.0 58.0 67.0 52.0 57.0 97.0 0.0 70.0 63.0 59.0 30.0 103.0 41.0 89.0 22.0 91.0 27.0 30.0 86.0 33.0 38.0 103.0 70.0 89.0 70.0 0.0 22.0 91.0 24.0 85.0 41.0 75.0 0.0 71.0 28.0 10.0 65.0 12.0 16.0 86.0 50.0 67.0 63.0 22.0 0.0 71.0 67.0 21.0 74.0 35.0 71.0 0.0 76.0 62.0 55.0 60.0 61.0 25.0 23.0 53.0 59.0 91.0 71.0 0.0 
11 7 3 12 
46 85 95 27 59 97 96 52 25 75 75 25 45 94 32 69 22 11 32 66 25 59 99 32 55 36 25 8 87 82 19 96 25 75 75 25 