4 10 2 4 3 100 65 199 125 10 11
10 8 0 0 11 11 0 0 0 0 3 19 0 0 2 15 
0 4 0 0 3 0 1 4 1 0 0 0 0 4 0 5 1 1 2 4 0 0 0 5 5 0 0 4 5 0 0 3 0 5 0 5 5 0 0 0 
1 0 1 0 0 1 0 1 0 1 1 0 1 1 1 1 1 1 1 0 1 0 1 0 0 0 0 1 0 0 0 1 0 0 1 1 1 1 1 0 
1 1 1 1 1 1 1 1 1 1 1 1 1 1 1 1 1 1 1 1 1 1 1 1 1 1 1 1 1 1 1 1 1 1 1 1 1 1 1 1 1 1 1 1 1 1 1 1 1 1 1 1 1 1 1 1 1 1 1 1 1 1 1 1 1 1 1 1 1 1 1 1 1 1 1 1 1 1 1 1 1 1 1 1 1 1 1 1 1 1 1 1 1 1 1 1 1 1 1 1 
0 0 4 9 0 0 0 0 10 10 0 0 7 8 8 10 10 10 0 0 0 0 0 0 0 0 9 10 0 0 5 10 6 7 2 5 4 8 7 8 0 0 0 0 0 0 7 9 4 10 0 0 0 0 6 9 8 10 0 0 0 0 8 9 0 0 7 10 0 0 4 4 5 5 0 0 0 0 0 0 
5 5 3 8 
0.0 31.0 38.0 29.0 15.0 58.0 45.0 35.0 68.0 48.0 44.0 16.0 11.0 42.0 12.0 67.0 15.0 58.0 31.0 0.0 13.0 56.0 45.0 48.0 42.0 63.0 77.0 29.0 71.0 26.0 40.0 40.0 25.0 76.0 45.0 48.0 38.0 13.0 0.0 66.0 50.0 60.0 55.0 68.0 90.0 40.0 81.0 38.0 49.0 52.0 29.0 89.0 50.0 60.0 29.0 56.0 66.0 0.0 23.0 66.0 50.0 30.0 55.0 64.0 15.0 33.0 18.0 49.0 40.0 54.0 23.0 66.0 15.0 45.0 50.0 23.0 0.0 71.0 57.0 20.0 73.0 62.0 37.0 30.0 13.0 54.0 22.0 72.0 0.0 71.0 58.0 48.0 60.0 66.0 71.0 0.0 17.0 89.0 46.0 21.0 74.0 42.0 60.0 18.0 62.0 45.0 71.0 0.0 45.0 42.0 55.0 50.0 57.0 17.0 0.0 74.0 38.0 24.0 58.0 29.0 45.0 3.0 50.0 37.0 57.0 17.0 35.0 63.0 68.0 30.0 20.0 89.0 74.0 0.0 84.0 81.0 38.0 49.0 30.0 72.0 40.0 84.0 20.0 89.0 68.0 77.0 90.0 55.0 73.0 46.0 38.0 84.0 0.0 61.0 53.0 56.0 62.0 40.0 77.0 2.0 73.0 46.0 48.0 29.0 40.0 64.0 62.0 21.0 24.0 81.0 61.0 0.0 75.0 34.0 53.0 22.0 48.0 60.0 62.0 21.0 44.0 71.0 81.0 15.0 37.0 74.0 58.0 38.0 53.0 75.0 0.0 46.0 33.0 58.0 55.0 53.0 37.0 74.0 16.0 26.0 38.0 33.0 30.0 42.0 29.0 49.0 56.0 34.0 46.0 0.0 20.0 26.0 23.0 55.0 30.0 42.0 11.0 40.0 49.0 18.0 13.0 60.0 45.0 30.0 62.0 53.0 33.0 20.0 0.0 43.0 22.0 61.0 13.0 60.0 42.0 40.0 52.0 49.0 54.0 18.0 3.0 72.0 40.0 22.0 58.0 26.0 43.0 0.0 48.0 39.0 54.0 18.0 12.0 25.0 29.0 40.0 22.0 62.0 50.0 40.0 77.0 48.0 55.0 23.0 22.0 48.0 0.0 76.0 22.0 62.0 67.0 76.0 89.0 54.0 72.0 45.0 37.0 84.0 2.0 60.0 53.0 55.0 61.0 39.0 76.0 0.0 72.0 45.0 15.0 45.0 50.0 23.0 0.0 71.0 57.0 20.0 73.0 62.0 37.0 30.0 13.0 54.0 22.0 72.0 0.0 71.0 58.0 48.0 60.0 66.0 71.0 0.0 17.0 89.0 46.0 21.0 74.0 42.0 60.0 18.0 62.0 45.0 71.0 0.0 
6 8 5 5 
39 70 69 72 74 84 16 54 25 75 75 25 60 31 7 82 35 3 79 45 4 45 48 57 30 64 60 34 46 79 36 4 25 75 75 25 