4 10 2 4 3 103 65 206 125 10 11
5 25 0 0 9 20 0 0 0 0 15 12 0 0 21 13 
1 5 2 0 0 2 0 4 0 4 5 5 3 3 3 0 3 4 0 0 0 4 5 2 1 0 1 0 0 0 2 4 0 0 1 3 2 4 2 3 
1 1 1 1 0 0 1 1 1 0 1 1 0 1 0 0 1 1 0 0 1 1 1 0 0 0 1 0 0 0 0 0 0 0 1 0 1 1 0 0 
1 1 1 1 1 1 1 1 1 1 1 1 1 1 1 1 1 1 1 1 1 1 1 1 1 1 1 1 1 1 1 1 1 1 1 1 1 1 1 1 1 1 1 1 1 1 1 1 1 1 1 1 1 1 1 1 1 1 1 1 1 1 1 1 1 1 1 1 1 1 1 1 1 1 1 1 1 1 1 1 1 1 1 1 1 1 1 1 1 1 1 1 1 1 1 1 1 1 1 1 
4 5 2 5 8 9 0 0 0 0 6 8 0 0 10 10 0 0 2 3 4 5 4 8 5 6 6 8 1 9 0 0 1 2 1 2 0 0 0 0 0 0 10 10 2 5 10 10 9 10 0 0 7 10 0 0 0 0 0 0 10 10 7 10 0 0 0 0 2 4 9 10 9 10 4 5 2 8 1 7 
2 9 6 6 
0.0 40.0 87.0 37.0 72.0 39.0 66.0 71.0 15.0 82.0 22.0 81.0 81.0 85.0 71.0 90.0 72.0 39.0 40.0 0.0 79.0 17.0 38.0 59.0 26.0 66.0 36.0 46.0 28.0 76.0 85.0 54.0 36.0 59.0 38.0 59.0 87.0 79.0 0.0 94.0 59.0 58.0 79.0 17.0 73.0 68.0 95.0 8.0 25.0 55.0 63.0 56.0 59.0 58.0 37.0 17.0 94.0 0.0 54.0 66.0 38.0 80.0 39.0 60.0 18.0 90.0 98.0 69.0 51.0 74.0 54.0 66.0 72.0 38.0 59.0 54.0 0.0 71.0 23.0 53.0 61.0 13.0 65.0 59.0 75.0 16.0 5.0 21.0 0.0 71.0 39.0 59.0 58.0 66.0 71.0 0.0 77.0 43.0 28.0 83.0 56.0 51.0 45.0 80.0 73.0 84.0 71.0 0.0 66.0 26.0 79.0 38.0 23.0 77.0 0.0 71.0 59.0 24.0 52.0 79.0 93.0 37.0 19.0 41.0 23.0 77.0 71.0 66.0 17.0 80.0 53.0 43.0 71.0 0.0 57.0 64.0 80.0 11.0 23.0 54.0 57.0 56.0 53.0 43.0 15.0 36.0 73.0 39.0 61.0 28.0 59.0 57.0 0.0 72.0 29.0 67.0 68.0 74.0 61.0 79.0 61.0 28.0 82.0 46.0 68.0 60.0 13.0 83.0 24.0 64.0 72.0 0.0 73.0 69.0 86.0 15.0 12.0 18.0 13.0 83.0 22.0 28.0 95.0 18.0 65.0 56.0 52.0 80.0 29.0 73.0 0.0 90.0 94.0 80.0 62.0 85.0 65.0 56.0 81.0 76.0 8.0 90.0 59.0 51.0 79.0 11.0 67.0 69.0 90.0 0.0 20.0 58.0 64.0 59.0 59.0 51.0 81.0 85.0 25.0 98.0 75.0 45.0 93.0 23.0 68.0 86.0 94.0 20.0 0.0 76.0 79.0 77.0 75.0 45.0 85.0 54.0 55.0 69.0 16.0 80.0 37.0 54.0 74.0 15.0 80.0 58.0 76.0 0.0 19.0 5.0 16.0 80.0 71.0 36.0 63.0 51.0 5.0 73.0 19.0 57.0 61.0 12.0 62.0 64.0 79.0 19.0 0.0 24.0 5.0 73.0 90.0 59.0 56.0 74.0 21.0 84.0 41.0 56.0 79.0 18.0 85.0 59.0 77.0 5.0 24.0 0.0 21.0 84.0 72.0 38.0 59.0 54.0 0.0 71.0 23.0 53.0 61.0 13.0 65.0 59.0 75.0 16.0 5.0 21.0 0.0 71.0 39.0 59.0 58.0 66.0 71.0 0.0 77.0 43.0 28.0 83.0 56.0 51.0 45.0 80.0 73.0 84.0 71.0 0.0 
14 4 2 6 
94 58 62 82 18 17 76 90 25 75 75 25 39 93 33 23 81 52 17 84 89 79 25 16 37 1 10 71 27 79 5 71 25 75 75 25 