4 10 2 4 3 169 65 337 125 10 11
12 9 0 0 12 8 0 0 0 0 14 20 0 0 15 24 
5 4 3 2 5 4 1 3 0 0 4 0 4 0 3 4 0 1 2 5 0 0 0 3 2 0 5 5 3 2 1 0 0 0 0 5 0 0 1 0 
1 0 1 1 0 0 0 1 1 0 1 0 1 0 0 0 1 1 1 0 1 1 0 1 0 1 1 0 1 1 0 0 1 0 0 1 1 0 0 1 
1 1 1 1 1 1 1 1 1 1 1 1 1 1 1 1 1 1 1 1 1 1 1 1 1 1 1 1 1 1 1 1 1 1 1 1 1 1 1 1 1 1 1 1 1 1 1 1 1 1 1 1 1 1 1 1 1 1 1 1 1 1 1 1 1 1 1 1 1 1 1 1 1 1 1 1 1 1 1 1 1 1 1 1 1 1 1 1 1 1 1 1 1 1 1 1 1 1 1 1 
1 2 10 10 8 10 9 9 1 3 1 2 4 10 7 8 0 0 0 0 10 10 0 0 4 6 0 0 7 8 8 10 0 0 9 9 7 9 9 10 0 0 0 0 0 0 10 10 5 6 0 0 3 6 8 10 5 7 10 10 6 8 0 0 0 0 0 0 0 0 4 5 0 0 0 0 8 10 0 0 
5 3 2 4 
0.0 54.0 64.0 71.0 36.0 51.0 36.0 56.0 52.0 58.0 61.0 44.0 46.0 22.0 47.0 47.0 36.0 51.0 54.0 0.0 107.0 58.0 22.0 93.0 85.0 60.0 40.0 101.0 8.0 15.0 23.0 56.0 25.0 50.0 22.0 93.0 64.0 107.0 0.0 85.0 85.0 14.0 31.0 65.0 80.0 7.0 114.0 92.0 88.0 52.0 88.0 66.0 85.0 14.0 71.0 58.0 85.0 0.0 48.0 75.0 80.0 21.0 22.0 82.0 61.0 47.0 38.0 54.0 36.0 25.0 48.0 75.0 36.0 22.0 85.0 48.0 0.0 71.0 64.0 43.0 26.0 79.0 30.0 9.0 12.0 34.0 14.0 33.0 0.0 71.0 51.0 93.0 14.0 75.0 71.0 0.0 20.0 55.0 68.0 8.0 100.0 79.0 75.0 38.0 75.0 55.0 71.0 0.0 36.0 85.0 31.0 80.0 64.0 20.0 0.0 61.0 68.0 25.0 92.0 72.0 70.0 31.0 70.0 57.0 64.0 20.0 56.0 60.0 65.0 21.0 43.0 55.0 61.0 0.0 21.0 62.0 64.0 46.0 37.0 37.0 35.0 11.0 43.0 55.0 52.0 40.0 80.0 22.0 26.0 68.0 68.0 21.0 0.0 76.0 44.0 27.0 18.0 39.0 16.0 15.0 26.0 68.0 58.0 101.0 7.0 82.0 79.0 8.0 25.0 62.0 76.0 0.0 108.0 87.0 83.0 46.0 82.0 62.0 79.0 8.0 61.0 8.0 114.0 61.0 30.0 100.0 92.0 64.0 44.0 108.0 0.0 22.0 28.0 63.0 30.0 56.0 30.0 100.0 44.0 15.0 92.0 47.0 9.0 79.0 72.0 46.0 27.0 87.0 22.0 0.0 10.0 42.0 12.0 36.0 9.0 79.0 46.0 23.0 88.0 38.0 12.0 75.0 70.0 37.0 18.0 83.0 28.0 10.0 0.0 39.0 3.0 28.0 12.0 75.0 22.0 56.0 52.0 54.0 34.0 38.0 31.0 37.0 39.0 46.0 63.0 42.0 39.0 0.0 40.0 30.0 34.0 38.0 47.0 25.0 88.0 36.0 14.0 75.0 70.0 35.0 16.0 82.0 30.0 12.0 3.0 40.0 0.0 26.0 14.0 75.0 47.0 50.0 66.0 25.0 33.0 55.0 57.0 11.0 15.0 62.0 56.0 36.0 28.0 30.0 26.0 0.0 33.0 55.0 36.0 22.0 85.0 48.0 0.0 71.0 64.0 43.0 26.0 79.0 30.0 9.0 12.0 34.0 14.0 33.0 0.0 71.0 51.0 93.0 14.0 75.0 71.0 0.0 20.0 55.0 68.0 8.0 100.0 79.0 75.0 38.0 75.0 55.0 71.0 0.0 
14 12 3 8 
27 40 9 90 86 17 66 99 25 75 75 25 56 20 67 79 48 87 80 19 6 97 22 83 31 85 46 49 33 86 57 76 25 75 75 25 