4 10 2 4 3 134 65 268 125 10 11
10 18 0 0 5 13 0 0 0 0 10 9 0 0 16 10 
4 0 4 0 0 2 0 0 0 0 2 4 0 4 2 0 0 1 0 1 4 5 1 3 0 2 0 3 2 2 2 0 0 1 0 0 0 5 5 0 
1 1 0 1 0 0 1 1 1 0 1 1 0 1 1 1 1 0 1 1 0 1 0 1 0 0 1 1 1 0 0 1 1 0 0 1 0 1 0 1 
1 1 1 1 1 1 1 1 1 1 1 1 1 1 1 1 1 1 1 1 1 1 1 1 1 1 1 1 1 1 1 1 1 1 1 1 1 1 1 1 1 1 1 1 1 1 1 1 1 1 1 1 1 1 1 1 1 1 1 1 1 1 1 1 1 1 1 1 1 1 1 1 1 1 1 1 1 1 1 1 1 1 1 1 1 1 1 1 1 1 1 1 1 1 1 1 1 1 1 1 
8 8 0 0 1 10 0 0 0 0 5 8 0 0 0 0 0 0 0 0 9 10 8 10 0 0 5 10 7 10 0 0 0 0 9 10 0 0 4 8 10 10 1 5 4 6 5 6 0 0 1 4 0 0 5 5 3 7 4 9 3 9 0 0 0 0 5 8 0 0 0 0 0 0 3 6 4 8 0 0 
2 8 1 2 
0.0 51.0 42.0 93.0 15.0 75.0 25.0 71.0 82.0 75.0 86.0 42.0 40.0 66.0 68.0 63.0 15.0 75.0 51.0 0.0 49.0 46.0 40.0 40.0 34.0 47.0 46.0 28.0 51.0 24.0 13.0 70.0 33.0 24.0 40.0 40.0 42.0 49.0 0.0 71.0 48.0 46.0 24.0 36.0 53.0 76.0 54.0 59.0 47.0 27.0 80.0 43.0 48.0 46.0 93.0 46.0 71.0 0.0 85.0 28.0 70.0 43.0 23.0 44.0 27.0 68.0 59.0 79.0 64.0 31.0 85.0 28.0 15.0 40.0 48.0 85.0 0.0 71.0 25.0 71.0 78.0 63.0 83.0 28.0 28.0 74.0 53.0 57.0 0.0 71.0 75.0 40.0 46.0 28.0 71.0 0.0 51.0 15.0 8.0 54.0 12.0 63.0 50.0 52.0 70.0 17.0 71.0 0.0 25.0 34.0 24.0 70.0 25.0 51.0 0.0 47.0 58.0 61.0 62.0 38.0 27.0 50.0 61.0 40.0 25.0 51.0 71.0 47.0 36.0 43.0 71.0 15.0 47.0 0.0 20.0 66.0 19.0 69.0 55.0 37.0 79.0 26.0 71.0 15.0 82.0 46.0 53.0 23.0 78.0 8.0 58.0 20.0 0.0 56.0 6.0 69.0 56.0 57.0 73.0 23.0 78.0 8.0 75.0 28.0 76.0 44.0 63.0 54.0 61.0 66.0 56.0 0.0 62.0 37.0 36.0 95.0 22.0 40.0 63.0 54.0 86.0 51.0 54.0 27.0 83.0 12.0 62.0 19.0 6.0 62.0 0.0 74.0 61.0 55.0 79.0 28.0 83.0 12.0 42.0 24.0 59.0 68.0 28.0 63.0 38.0 69.0 69.0 37.0 74.0 0.0 15.0 84.0 26.0 47.0 28.0 63.0 40.0 13.0 47.0 59.0 28.0 50.0 27.0 55.0 56.0 36.0 61.0 15.0 0.0 71.0 34.0 34.0 28.0 50.0 66.0 70.0 27.0 79.0 74.0 52.0 50.0 37.0 57.0 95.0 55.0 84.0 71.0 0.0 103.0 57.0 74.0 52.0 68.0 33.0 80.0 64.0 53.0 70.0 61.0 79.0 73.0 22.0 79.0 26.0 34.0 103.0 0.0 54.0 53.0 70.0 63.0 24.0 43.0 31.0 57.0 17.0 40.0 26.0 23.0 40.0 28.0 47.0 34.0 57.0 54.0 0.0 57.0 17.0 15.0 40.0 48.0 85.0 0.0 71.0 25.0 71.0 78.0 63.0 83.0 28.0 28.0 74.0 53.0 57.0 0.0 71.0 75.0 40.0 46.0 28.0 71.0 0.0 51.0 15.0 8.0 54.0 12.0 63.0 50.0 52.0 70.0 17.0 71.0 0.0 
14 12 2 9 
13 66 63 63 30 28 100 36 25 75 75 25 32 51 63 16 82 22 87 77 82 16 51 83 52 69 29 2 74 94 70 41 25 75 75 25 