4 10 2 4 3 92 65 183 125 10 11
4 9 0 0 7 12 0 0 0 0 11 7 0 0 11 12 
2 0 1 0 2 2 2 0 0 1 0 0 0 1 5 0 0 2 0 2 0 0 2 0 0 0 0 2 0 3 0 5 3 3 4 0 0 1 0 3 
1 1 1 1 1 0 0 1 0 0 1 0 0 1 0 0 1 0 0 1 0 1 1 0 0 0 0 1 0 0 1 0 0 0 1 1 1 1 0 0 
1 1 1 1 1 1 1 1 1 1 1 1 1 1 1 1 1 1 1 1 1 1 1 1 1 1 1 1 1 1 1 1 1 1 1 1 1 1 1 1 1 1 1 1 1 1 1 1 1 1 1 1 1 1 1 1 1 1 1 1 1 1 1 1 1 1 1 1 1 1 1 1 1 1 1 1 1 1 1 1 1 1 1 1 1 1 1 1 1 1 1 1 1 1 1 1 1 1 1 1 
8 10 0 0 4 5 0 0 9 10 5 9 6 7 0 0 0 0 8 8 0 0 0 0 0 0 6 9 6 10 0 0 0 0 3 5 0 0 5 6 0 0 0 0 6 8 0 0 0 0 0 0 0 0 1 10 0 0 9 10 0 0 8 9 9 10 2 6 10 10 0 0 0 0 2 4 0 0 6 8 
2 1 3 10 
0.0 78.0 94.0 32.0 15.0 68.0 48.0 56.0 58.0 48.0 68.0 37.0 5.0 84.0 72.0 43.0 15.0 68.0 78.0 0.0 45.0 51.0 76.0 27.0 53.0 87.0 42.0 84.0 15.0 91.0 74.0 13.0 16.0 80.0 76.0 27.0 94.0 45.0 0.0 79.0 99.0 29.0 49.0 74.0 37.0 75.0 57.0 89.0 92.0 33.0 60.0 113.0 99.0 29.0 32.0 51.0 79.0 0.0 26.0 50.0 46.0 70.0 48.0 63.0 38.0 61.0 28.0 60.0 41.0 35.0 26.0 50.0 15.0 76.0 99.0 26.0 0.0 71.0 57.0 69.0 64.0 61.0 64.0 52.0 13.0 84.0 67.0 29.0 0.0 71.0 68.0 27.0 29.0 50.0 71.0 0.0 30.0 62.0 17.0 60.0 33.0 71.0 65.0 24.0 38.0 84.0 71.0 0.0 48.0 53.0 49.0 46.0 57.0 30.0 0.0 34.0 14.0 32.0 52.0 42.0 47.0 52.0 57.0 78.0 57.0 30.0 56.0 87.0 74.0 70.0 69.0 62.0 34.0 0.0 46.0 8.0 86.0 24.0 57.0 85.0 91.0 96.0 69.0 62.0 58.0 42.0 37.0 48.0 64.0 17.0 14.0 46.0 0.0 44.0 45.0 55.0 56.0 40.0 50.0 82.0 64.0 17.0 48.0 84.0 75.0 63.0 61.0 60.0 32.0 8.0 44.0 0.0 82.0 18.0 49.0 83.0 87.0 88.0 61.0 60.0 68.0 15.0 57.0 38.0 64.0 33.0 52.0 86.0 45.0 82.0 0.0 86.0 64.0 27.0 5.0 66.0 64.0 33.0 37.0 91.0 89.0 61.0 52.0 71.0 42.0 24.0 55.0 18.0 86.0 0.0 40.0 93.0 91.0 80.0 52.0 71.0 5.0 74.0 92.0 28.0 13.0 65.0 47.0 57.0 56.0 49.0 64.0 40.0 0.0 81.0 68.0 40.0 13.0 65.0 84.0 13.0 33.0 60.0 84.0 24.0 52.0 85.0 40.0 83.0 27.0 93.0 81.0 0.0 28.0 91.0 84.0 24.0 72.0 16.0 60.0 41.0 67.0 38.0 57.0 91.0 50.0 87.0 5.0 91.0 68.0 28.0 0.0 67.0 67.0 38.0 43.0 80.0 113.0 35.0 29.0 84.0 78.0 96.0 82.0 88.0 66.0 80.0 40.0 91.0 67.0 0.0 29.0 84.0 15.0 76.0 99.0 26.0 0.0 71.0 57.0 69.0 64.0 61.0 64.0 52.0 13.0 84.0 67.0 29.0 0.0 71.0 68.0 27.0 29.0 50.0 71.0 0.0 30.0 62.0 17.0 60.0 33.0 71.0 65.0 24.0 38.0 84.0 71.0 0.0 
13 2 10 9 
38 81 56 6 100 11 32 50 25 75 75 25 77 54 93 84 79 41 85 84 44 14 72 95 37 77 68 3 41 10 0 62 25 75 75 25 