2 20 1 2 3 71 65 142 125 10 20
36 21 41 30 
0 1 3 1 0 1 0 4 5 0 3 1 1 0 2 2 2 5 3 3 4 0 3 5 5 3 0 3 5 1 2 2 1 3 0 3 5 0 1 2 
1 1 0 0 1 1 0 1 1 0 1 1 0 0 0 0 0 0 1 0 
1 1 1 1 1 1 1 1 1 1 1 1 1 1 1 1 1 1 1 1 1 1 1 1 1 1 1 1 1 1 1 1 1 1 1 1 1 1 1 1 1 1 1 1 1 1 1 1 1 1 1 1 1 1 1 1 1 1 1 1 1 1 1 1 1 1 1 1 1 1 1 1 1 1 1 1 1 1 1 1 1 1 1 1 1 1 1 1 1 1 1 1 1 1 1 1 1 1 1 1 1 1 1 1 1 1 1 1 1 1 1 1 1 1 1 1 1 1 1 1 1 1 1 1 1 1 1 1 1 1 1 1 1 1 1 1 1 1 1 1 1 1 1 1 1 1 1 1 1 1 1 1 1 1 1 1 1 1 1 1 1 1 1 1 1 1 1 1 1 1 1 1 1 1 1 1 1 1 1 1 1 1 1 1 1 1 1 1 1 1 1 1 1 1 1 1 1 1 1 1 
0 0 7 8 2 8 2 3 0 0 8 9 0 0 9 10 7 7 0 0 5 9 9 10 5 9 0 0 8 9 8 10 4 10 4 10 5 9 9 10 8 10 0 0 1 9 8 8 4 5 9 10 0 0 6 7 4 7 4 5 7 9 3 4 8 10 5 9 0 0 3 7 2 2 0 0 5 9 8 9 
1 2 
0.0 39.0 14.0 49.0 53.0 47.0 66.0 68.0 49.0 35.0 52.0 50.0 34.0 20.0 24.0 35.0 55.0 48.0 32.0 64.0 14.0 63.0 59.0 14.0 39.0 0.0 51.0 88.0 92.0 85.0 105.0 106.0 87.0 58.0 74.0 88.0 63.0 58.0 63.0 5.0 73.0 27.0 62.0 94.0 49.0 101.0 74.0 51.0 14.0 51.0 0.0 40.0 42.0 39.0 55.0 55.0 43.0 27.0 43.0 43.0 38.0 7.0 14.0 46.0 62.0 55.0 20.0 52.0 4.0 51.0 52.0 0.0 49.0 88.0 40.0 0.0 12.0 4.0 19.0 28.0 14.0 58.0 66.0 8.0 41.0 35.0 27.0 83.0 63.0 94.0 46.0 56.0 44.0 21.0 78.0 40.0 53.0 92.0 42.0 12.0 0.0 16.0 14.0 18.0 25.0 53.0 59.0 20.0 51.0 35.0 29.0 87.0 74.0 95.0 41.0 46.0 44.0 11.0 72.0 42.0 47.0 85.0 39.0 4.0 16.0 0.0 22.0 32.0 10.0 57.0 66.0 6.0 37.0 34.0 25.0 80.0 59.0 93.0 46.0 58.0 42.0 25.0 79.0 39.0 66.0 105.0 55.0 19.0 14.0 22.0 0.0 15.0 29.0 67.0 71.0 24.0 58.0 49.0 42.0 100.0 80.0 108.0 55.0 54.0 58.0 10.0 84.0 55.0 68.0 106.0 55.0 28.0 18.0 32.0 15.0 0.0 40.0 61.0 61.0 35.0 68.0 49.0 44.0 101.0 91.0 106.0 50.0 42.0 58.0 8.0 74.0 55.0 49.0 87.0 43.0 14.0 25.0 10.0 29.0 40.0 0.0 65.0 75.0 6.0 32.0 40.0 31.0 82.0 52.0 96.0 53.0 68.0 47.0 33.0 87.0 43.0 35.0 58.0 27.0 58.0 53.0 57.0 67.0 61.0 65.0 0.0 18.0 63.0 65.0 27.0 36.0 55.0 88.0 48.0 13.0 37.0 24.0 60.0 25.0 27.0 52.0 74.0 43.0 66.0 59.0 66.0 71.0 61.0 75.0 18.0 0.0 72.0 80.0 41.0 49.0 71.0 104.0 60.0 24.0 27.0 40.0 62.0 14.0 43.0 50.0 88.0 43.0 8.0 20.0 6.0 24.0 35.0 6.0 63.0 72.0 0.0 36.0 38.0 29.0 83.0 57.0 96.0 51.0 64.0 46.0 28.0 84.0 43.0 34.0 63.0 38.0 41.0 51.0 37.0 58.0 68.0 32.0 65.0 80.0 36.0 0.0 39.0 34.0 58.0 26.0 80.0 56.0 83.0 41.0 61.0 90.0 38.0 20.0 58.0 7.0 35.0 35.0 34.0 49.0 49.0 40.0 27.0 41.0 38.0 39.0 0.0 9.0 53.0 64.0 60.0 18.0 47.0 10.0 44.0 51.0 7.0 24.0 63.0 14.0 27.0 29.0 25.0 42.0 44.0 31.0 36.0 49.0 29.0 34.0 9.0 0.0 58.0 59.0 68.0 25.0 50.0 18.0 39.0 60.0 14.0 35.0 5.0 46.0 83.0 87.0 80.0 100.0 101.0 82.0 55.0 71.0 83.0 58.0 53.0 58.0 0.0 69.0 28.0 58.0 90.0 44.0 97.0 72.0 46.0 55.0 73.0 62.0 63.0 74.0 59.0 80.0 91.0 52.0 88.0 104.0 57.0 26.0 64.0 59.0 69.0 0.0 94.0 81.0 109.0 65.0 83.0 113.0 62.0 48.0 27.0 55.0 94.0 95.0 93.0 108.0 106.0 96.0 48.0 60.0 96.0 80.0 60.0 68.0 28.0 94.0 0.0 57.0 84.0 51.0 103.0 56.0 55.0 32.0 62.0 20.0 46.0 41.0 46.0 55.0 50.0 53.0 13.0 24.0 51.0 56.0 18.0 25.0 58.0 81.0 57.0 0.0 34.0 19.0 48.0 35.0 20.0 64.0 94.0 52.0 56.0 46.0 58.0 54.0 42.0 68.0 37.0 27.0 64.0 83.0 47.0 50.0 90.0 109.0 84.0 34.0 0.0 51.0 45.0 37.0 52.0 14.0 49.0 4.0 44.0 44.0 42.0 58.0 58.0 47.0 24.0 40.0 46.0 41.0 10.0 18.0 44.0 65.0 51.0 19.0 51.0 0.0 54.0 49.0 4.0 63.0 101.0 51.0 21.0 11.0 25.0 10.0 8.0 33.0 60.0 62.0 28.0 61.0 44.0 39.0 97.0 83.0 103.0 48.0 45.0 54.0 0.0 75.0 51.0 59.0 74.0 52.0 78.0 72.0 79.0 84.0 74.0 87.0 25.0 14.0 84.0 90.0 51.0 60.0 72.0 113.0 56.0 35.0 37.0 49.0 75.0 0.0 52.0 14.0 51.0 0.0 40.0 42.0 39.0 55.0 55.0 43.0 27.0 43.0 43.0 38.0 7.0 14.0 46.0 62.0 55.0 20.0 52.0 4.0 51.0 52.0 0.0 
7 1 
63 52 92 78 50 50 31 15 21 21 35 15 14 9 4 20 42 8 35 72 19 79 37 10 71 19 44 47 44 38 89 74 93 6 75 98 33 60 0 61 50 54 11 18 20 92 50 50 