2 20 1 2 3 159 65 318 125 10 20
49 25 46 31 
2 2 1 5 3 5 3 0 0 1 5 2 2 0 4 0 4 5 5 3 3 3 0 3 4 0 4 5 2 1 0 1 0 2 4 0 0 1 3 2 
1 1 1 0 1 1 0 0 0 0 0 0 1 0 1 0 1 0 1 0 
1 1 1 1 1 1 1 1 1 1 1 1 1 1 1 1 1 1 1 1 1 1 1 1 1 1 1 1 1 1 1 1 1 1 1 1 1 1 1 1 1 1 1 1 1 1 1 1 1 1 1 1 1 1 1 1 1 1 1 1 1 1 1 1 1 1 1 1 1 1 1 1 1 1 1 1 1 1 1 1 1 1 1 1 1 1 1 1 1 1 1 1 1 1 1 1 1 1 1 1 1 1 1 1 1 1 1 1 1 1 1 1 1 1 1 1 1 1 1 1 1 1 1 1 1 1 1 1 1 1 1 1 1 1 1 1 1 1 1 1 1 1 1 1 1 1 1 1 1 1 1 1 1 1 1 1 1 1 1 1 1 1 1 1 1 1 1 1 1 1 1 1 1 1 1 1 1 1 1 1 1 1 1 1 1 1 1 1 1 1 1 1 1 1 1 1 1 1 1 1 
9 10 3 7 4 5 2 5 8 9 6 8 10 10 0 0 0 0 2 3 4 5 4 8 5 6 0 0 6 8 0 0 1 9 1 2 1 2 10 10 2 5 10 10 0 0 9 10 7 10 0 0 10 10 7 10 2 4 9 10 0 0 9 10 0 0 4 5 2 8 0 0 0 0 1 7 1 9 6 7 
4 3 
0.0 20.0 52.0 78.0 22.0 51.0 65.0 73.0 74.0 16.0 66.0 71.0 61.0 8.0 56.0 22.0 86.0 85.0 79.0 71.0 19.0 103.0 101.0 52.0 20.0 0.0 52.0 92.0 29.0 53.0 75.0 85.0 59.0 25.0 73.0 55.0 45.0 13.0 62.0 16.0 76.0 94.0 75.0 55.0 38.0 104.0 99.0 52.0 52.0 52.0 0.0 59.0 31.0 6.0 35.0 47.0 47.0 37.0 28.0 49.0 44.0 49.0 21.0 36.0 43.0 50.0 27.0 50.0 53.0 53.0 49.0 0.0 78.0 92.0 59.0 0.0 64.0 54.0 25.0 14.0 105.0 67.0 34.0 108.0 102.0 82.0 39.0 78.0 96.0 25.0 71.0 109.0 64.0 67.0 77.0 59.0 22.0 29.0 31.0 64.0 0.0 29.0 47.0 57.0 61.0 6.0 46.0 60.0 51.0 21.0 35.0 15.0 68.0 66.0 58.0 60.0 25.0 82.0 80.0 31.0 51.0 53.0 6.0 54.0 29.0 0.0 30.0 42.0 52.0 35.0 23.0 54.0 49.0 49.0 15.0 37.0 49.0 46.0 31.0 56.0 50.0 53.0 52.0 6.0 65.0 75.0 35.0 25.0 47.0 30.0 0.0 13.0 80.0 51.0 10.0 83.0 78.0 67.0 15.0 60.0 72.0 20.0 47.0 85.0 56.0 51.0 58.0 35.0 73.0 85.0 47.0 14.0 57.0 42.0 13.0 0.0 93.0 61.0 21.0 95.0 90.0 76.0 27.0 70.0 83.0 15.0 58.0 97.0 62.0 56.0 65.0 47.0 74.0 59.0 47.0 105.0 61.0 52.0 80.0 93.0 0.0 64.0 72.0 7.0 15.0 67.0 67.0 52.0 26.0 93.0 45.0 9.0 84.0 76.0 64.0 47.0 16.0 25.0 37.0 67.0 6.0 35.0 51.0 61.0 64.0 0.0 51.0 62.0 53.0 16.0 40.0 15.0 73.0 71.0 63.0 63.0 21.0 88.0 86.0 37.0 66.0 73.0 28.0 34.0 46.0 23.0 10.0 21.0 72.0 51.0 0.0 75.0 71.0 66.0 11.0 57.0 62.0 23.0 38.0 77.0 59.0 44.0 49.0 28.0 71.0 55.0 49.0 108.0 60.0 54.0 83.0 95.0 7.0 62.0 75.0 0.0 11.0 63.0 69.0 50.0 32.0 96.0 50.0 2.0 82.0 82.0 70.0 49.0 61.0 45.0 44.0 102.0 51.0 49.0 78.0 90.0 15.0 53.0 71.0 11.0 0.0 54.0 64.0 40.0 38.0 93.0 51.0 11.0 73.0 83.0 72.0 44.0 8.0 13.0 49.0 82.0 21.0 49.0 67.0 76.0 67.0 16.0 66.0 63.0 54.0 0.0 56.0 16.0 80.0 86.0 75.0 64.0 25.0 101.0 98.0 49.0 56.0 62.0 21.0 39.0 35.0 15.0 15.0 27.0 67.0 40.0 11.0 69.0 64.0 56.0 0.0 47.0 61.0 33.0 39.0 71.0 49.0 52.0 54.0 21.0 22.0 16.0 36.0 78.0 15.0 37.0 60.0 70.0 52.0 15.0 57.0 50.0 40.0 16.0 47.0 0.0 65.0 79.0 61.0 50.0 34.0 88.0 84.0 36.0 86.0 76.0 43.0 96.0 68.0 49.0 72.0 83.0 26.0 73.0 62.0 32.0 38.0 80.0 61.0 65.0 0.0 79.0 27.0 34.0 92.0 53.0 40.0 43.0 85.0 94.0 50.0 25.0 66.0 46.0 20.0 15.0 93.0 71.0 23.0 96.0 93.0 86.0 33.0 79.0 79.0 0.0 53.0 98.0 75.0 44.0 55.0 50.0 79.0 75.0 27.0 71.0 58.0 31.0 47.0 58.0 45.0 63.0 38.0 50.0 51.0 75.0 39.0 61.0 27.0 53.0 0.0 52.0 80.0 33.0 24.0 27.0 71.0 55.0 50.0 109.0 60.0 56.0 85.0 97.0 9.0 63.0 77.0 2.0 11.0 64.0 71.0 50.0 34.0 98.0 52.0 0.0 83.0 84.0 72.0 50.0 19.0 38.0 53.0 64.0 25.0 50.0 56.0 62.0 84.0 21.0 59.0 82.0 73.0 25.0 49.0 34.0 92.0 75.0 80.0 83.0 0.0 100.0 100.0 53.0 103.0 104.0 53.0 67.0 82.0 53.0 51.0 56.0 76.0 88.0 44.0 82.0 83.0 101.0 52.0 88.0 53.0 44.0 33.0 84.0 100.0 0.0 15.0 53.0 101.0 99.0 49.0 77.0 80.0 52.0 58.0 65.0 64.0 86.0 49.0 70.0 72.0 98.0 54.0 84.0 40.0 55.0 24.0 72.0 100.0 15.0 0.0 49.0 52.0 52.0 0.0 59.0 31.0 6.0 35.0 47.0 47.0 37.0 28.0 49.0 44.0 49.0 21.0 36.0 43.0 50.0 27.0 50.0 53.0 53.0 49.0 0.0 
7 11 
16 89 4 73 50 50 94 89 32 75 53 55 78 70 88 77 19 16 28 79 75 61 13 19 12 29 13 82 65 64 19 68 43 8 97 65 62 26 11 19 31 99 94 22 82 13 50 50 