6 20 2 4 3 298 65 596 125 10 21
11 33 0 0 28 24 0 0 13 11 0 0 0 0 14 29 0 0 40 34 0 0 22 25 
3 0 3 0 2 5 0 1 4 0 3 3 1 5 4 1 5 1 4 0 1 1 2 2 0 1 0 5 0 0 3 4 0 1 0 4 0 0 1 0 0 4 0 1 0 3 3 0 0 0 0 5 0 3 5 0 2 0 4 1 0 1 0 0 3 4 4 0 3 0 4 5 2 4 0 3 4 0 2 0 
0 1 1 1 1 1 1 0 0 1 0 0 1 0 0 0 0 1 0 1 0 0 0 1 0 0 0 1 1 1 0 1 1 1 1 0 0 0 1 1 0 0 0 1 1 0 1 0 1 1 0 1 0 0 1 0 0 1 0 0 
1 1 1 1 1 1 1 1 1 1 1 1 1 1 1 1 1 1 1 1 1 1 1 1 1 1 1 1 1 1 1 1 1 1 1 1 1 1 1 1 1 1 1 1 1 1 1 1 1 1 1 1 1 1 1 1 1 1 1 1 1 1 1 1 1 1 1 1 1 1 1 1 1 1 1 1 1 1 1 1 1 1 1 1 1 1 1 1 1 1 1 1 1 1 1 1 1 1 1 1 1 1 1 1 1 1 1 1 1 1 1 1 1 1 1 1 1 1 1 1 1 1 1 1 1 1 1 1 1 1 1 1 1 1 1 1 1 1 1 1 1 1 1 1 1 1 1 1 1 1 1 1 1 1 1 1 1 1 1 1 1 1 1 1 1 1 1 1 1 1 1 1 1 1 1 1 1 1 1 1 1 1 1 1 1 1 1 1 1 1 1 1 1 1 1 1 1 1 1 1 
1 3 0 0 9 10 0 0 6 7 3 9 0 0 9 9 10 10 0 0 9 10 1 10 1 7 4 8 5 6 9 10 10 10 8 9 5 5 0 0 3 8 9 10 8 10 3 9 0 0 4 8 0 0 8 9 0 0 0 0 4 10 2 4 0 0 5 8 0 0 3 7 0 0 0 0 3 7 0 0 0 0 2 4 0 0 2 4 0 0 5 9 6 9 0 0 0 0 0 0 0 0 6 10 0 0 6 6 8 10 0 0 4 8 0 0 10 10 9 10 0 0 8 9 0 0 0 0 7 9 3 10 3 5 0 0 8 10 0 0 6 8 6 7 2 4 2 3 0 0 5 7 1 7 0 0 4 8 0 0 
8 8 10 2 
0.0 43.0 55.0 12.0 25.0 66.0 15.0 60.0 22.0 60.0 60.0 35.0 33.0 27.0 57.0 28.0 38.0 63.0 26.0 61.0 20.0 62.0 10.0 58.0 80.0 20.0 26.0 46.0 15.0 60.0 43.0 0.0 63.0 37.0 66.0 80.0 57.0 46.0 37.0 52.0 58.0 25.0 65.0 52.0 60.0 23.0 77.0 85.0 49.0 82.0 62.0 35.0 52.0 27.0 53.0 54.0 42.0 6.0 57.0 46.0 55.0 63.0 0.0 64.0 55.0 18.0 60.0 31.0 73.0 23.0 14.0 38.0 37.0 81.0 9.0 43.0 54.0 29.0 80.0 26.0 55.0 47.0 55.0 52.0 55.0 74.0 78.0 61.0 60.0 31.0 12.0 37.0 64.0 0.0 35.0 76.0 23.0 64.0 11.0 66.0 67.0 37.0 44.0 19.0 65.0 29.0 48.0 74.0 17.0 71.0 31.0 63.0 20.0 57.0 81.0 17.0 15.0 42.0 23.0 64.0 25.0 66.0 55.0 35.0 0.0 60.0 14.0 72.0 44.0 69.0 64.0 51.0 20.0 41.0 60.0 47.0 14.0 51.0 43.0 50.0 5.0 78.0 16.0 76.0 94.0 31.0 46.0 68.0 14.0 72.0 66.0 80.0 18.0 76.0 60.0 0.0 68.0 47.0 86.0 37.0 28.0 55.0 40.0 92.0 24.0 59.0 55.0 17.0 91.0 15.0 61.0 63.0 64.0 68.0 69.0 83.0 90.0 78.0 68.0 47.0 15.0 57.0 60.0 23.0 14.0 68.0 0.0 71.0 31.0 70.0 67.0 47.0 30.0 28.0 64.0 41.0 27.0 61.0 29.0 60.0 10.0 75.0 7.0 71.0 92.0 18.0 32.0 60.0 0.0 71.0 60.0 46.0 31.0 64.0 72.0 47.0 71.0 0.0 71.0 10.0 19.0 28.0 58.0 83.0 24.0 36.0 76.0 59.0 81.0 56.0 70.0 18.0 65.0 25.0 25.0 79.0 76.0 41.0 71.0 0.0 22.0 37.0 73.0 11.0 44.0 86.0 31.0 71.0 0.0 73.0 75.0 43.0 55.0 16.0 74.0 35.0 58.0 84.0 12.0 82.0 40.0 67.0 29.0 60.0 85.0 19.0 6.0 43.0 31.0 71.0 60.0 52.0 23.0 66.0 69.0 37.0 70.0 10.0 73.0 0.0 10.0 32.0 53.0 85.0 15.0 39.0 71.0 51.0 82.0 48.0 67.0 27.0 64.0 34.0 33.0 80.0 79.0 49.0 70.0 10.0 60.0 58.0 14.0 67.0 64.0 28.0 67.0 19.0 75.0 10.0 0.0 35.0 48.0 85.0 6.0 42.0 65.0 42.0 83.0 39.0 63.0 36.0 61.0 42.0 42.0 79.0 80.0 55.0 67.0 19.0 35.0 25.0 38.0 37.0 51.0 55.0 47.0 28.0 43.0 32.0 35.0 0.0 45.0 56.0 36.0 8.0 60.0 60.0 53.0 58.0 48.0 28.0 41.0 25.0 46.0 52.0 48.0 24.0 47.0 28.0 33.0 65.0 37.0 44.0 20.0 40.0 30.0 58.0 55.0 53.0 48.0 45.0 0.0 56.0 43.0 43.0 19.0 32.0 57.0 31.0 22.0 68.0 27.0 69.0 82.0 47.0 58.0 66.0 30.0 58.0 27.0 52.0 81.0 19.0 41.0 92.0 28.0 83.0 16.0 85.0 85.0 56.0 56.0 0.0 83.0 48.0 54.0 87.0 5.0 85.0 37.0 81.0 30.0 75.0 100.0 10.0 12.0 58.0 28.0 83.0 57.0 60.0 9.0 65.0 60.0 24.0 64.0 24.0 74.0 15.0 6.0 36.0 43.0 83.0 0.0 41.0 61.0 37.0 81.0 34.0 60.0 40.0 58.0 45.0 47.0 76.0 79.0 57.0 64.0 24.0 28.0 23.0 43.0 29.0 47.0 59.0 41.0 36.0 35.0 39.0 42.0 8.0 43.0 48.0 41.0 0.0 57.0 63.0 45.0 60.0 43.0 35.0 35.0 30.0 53.0 45.0 41.0 24.0 41.0 36.0 38.0 77.0 54.0 48.0 14.0 55.0 27.0 76.0 58.0 71.0 65.0 60.0 19.0 54.0 61.0 57.0 0.0 43.0 56.0 43.0 18.0 85.0 29.0 84.0 100.0 44.0 59.0 79.0 27.0 76.0 63.0 85.0 29.0 74.0 51.0 17.0 61.0 59.0 84.0 51.0 42.0 60.0 32.0 87.0 37.0 63.0 43.0 0.0 87.0 4.0 53.0 75.0 58.0 78.0 83.0 78.0 88.0 84.0 61.0 59.0 26.0 49.0 80.0 17.0 43.0 91.0 29.0 81.0 12.0 82.0 83.0 53.0 57.0 5.0 81.0 45.0 56.0 87.0 0.0 85.0 39.0 78.0 30.0 71.0 96.0 13.0 8.0 54.0 29.0 81.0 61.0 82.0 26.0 71.0 50.0 15.0 60.0 56.0 82.0 48.0 39.0 58.0 31.0 85.0 34.0 60.0 43.0 4.0 85.0 0.0 51.0 71.0 56.0 75.0 80.0 76.0 86.0 81.0 60.0 56.0 20.0 62.0 55.0 31.0 5.0 61.0 10.0 70.0 40.0 67.0 63.0 48.0 22.0 37.0 60.0 43.0 18.0 53.0 39.0 51.0 0.0 75.0 11.0 73.0 92.0 27.0 42.0 65.0 10.0 70.0 62.0 35.0 47.0 63.0 78.0 63.0 75.0 18.0 67.0 27.0 36.0 28.0 68.0 81.0 40.0 35.0 85.0 75.0 78.0 71.0 75.0 0.0 68.0 10.0 19.0 79.0 72.0 30.0 75.0 18.0 10.0 52.0 55.0 20.0 16.0 64.0 7.0 65.0 29.0 64.0 61.0 41.0 27.0 30.0 58.0 35.0 29.0 58.0 30.0 56.0 11.0 68.0 0.0 65.0 86.0 21.0 32.0 55.0 7.0 65.0 58.0 27.0 52.0 57.0 76.0 68.0 71.0 25.0 60.0 34.0 42.0 25.0 69.0 75.0 45.0 30.0 84.0 78.0 71.0 75.0 73.0 10.0 65.0 0.0 26.0 74.0 65.0 21.0 71.0 25.0 80.0 53.0 55.0 81.0 94.0 69.0 92.0 25.0 85.0 33.0 42.0 46.0 82.0 100.0 47.0 53.0 100.0 83.0 96.0 80.0 92.0 19.0 86.0 26.0 0.0 97.0 91.0 47.0 92.0 25.0 20.0 54.0 74.0 17.0 31.0 83.0 18.0 79.0 19.0 80.0 79.0 52.0 47.0 10.0 76.0 45.0 44.0 78.0 13.0 76.0 27.0 79.0 21.0 74.0 97.0 0.0 18.0 59.0 18.0 79.0 26.0 42.0 78.0 15.0 46.0 90.0 32.0 76.0 6.0 79.0 80.0 48.0 58.0 12.0 79.0 41.0 59.0 88.0 8.0 86.0 42.0 72.0 32.0 65.0 91.0 18.0 0.0 47.0 32.0 76.0 46.0 6.0 61.0 42.0 68.0 78.0 60.0 41.0 43.0 49.0 55.0 24.0 66.0 58.0 57.0 24.0 79.0 84.0 54.0 81.0 65.0 30.0 55.0 21.0 47.0 59.0 47.0 0.0 60.0 41.0 15.0 57.0 60.0 23.0 14.0 68.0 0.0 71.0 31.0 70.0 67.0 47.0 30.0 28.0 64.0 41.0 27.0 61.0 29.0 60.0 10.0 75.0 7.0 71.0 92.0 18.0 32.0 60.0 0.0 71.0 60.0 46.0 31.0 64.0 72.0 47.0 71.0 0.0 71.0 10.0 19.0 28.0 58.0 83.0 24.0 36.0 76.0 59.0 81.0 56.0 70.0 18.0 65.0 25.0 25.0 79.0 76.0 41.0 71.0 0.0 
6 9 11 11 
27 61 30 19 81 55 18 54 35 84 92 68 25 75 75 25 9 49 80 33 83 42 49 35 54 79 1 62 82 47 42 38 44 94 85 83 2 58 84 80 33 80 64 12 29 70 55 11 79 1 9 68 4 51 35 16 25 75 75 25 