6 20 2 4 3 266 65 531 125 10 21
26 12 0 0 18 19 0 0 47 14 0 0 0 0 20 30 0 0 11 31 0 0 13 19 
2 0 0 0 3 2 0 0 3 0 2 0 1 2 0 5 2 0 0 4 3 0 4 0 1 0 4 3 4 0 1 3 5 1 0 0 0 3 0 4 5 1 0 2 3 1 2 0 0 0 5 0 4 1 1 0 2 0 0 3 0 0 0 3 4 0 3 3 0 2 0 4 4 4 0 4 4 5 0 0 
1 0 0 0 0 0 1 1 1 1 1 1 0 0 1 0 1 0 0 1 1 1 1 0 1 1 0 1 0 1 0 1 0 0 0 0 0 1 1 0 1 1 1 0 0 0 1 0 1 0 1 1 0 0 0 1 0 1 1 1 
1 1 1 1 1 1 1 1 1 1 1 1 1 1 1 1 1 1 1 1 1 1 1 1 1 1 1 1 1 1 1 1 1 1 1 1 1 1 1 1 1 1 1 1 1 1 1 1 1 1 1 1 1 1 1 1 1 1 1 1 1 1 1 1 1 1 1 1 1 1 1 1 1 1 1 1 1 1 1 1 1 1 1 1 1 1 1 1 1 1 1 1 1 1 1 1 1 1 1 1 1 1 1 1 1 1 1 1 1 1 1 1 1 1 1 1 1 1 1 1 1 1 1 1 1 1 1 1 1 1 1 1 1 1 1 1 1 1 1 1 1 1 1 1 1 1 1 1 1 1 1 1 1 1 1 1 1 1 1 1 1 1 1 1 1 1 1 1 1 1 1 1 1 1 1 1 1 1 1 1 1 1 1 1 1 1 1 1 1 1 1 1 1 1 1 1 1 1 1 1 
10 10 0 0 0 0 0 0 1 2 1 8 0 0 0 0 9 10 0 0 8 9 0 0 6 9 1 10 0 0 2 3 3 5 0 0 0 0 9 10 8 10 0 0 7 9 0 0 5 8 0 0 6 10 9 10 1 8 0 0 6 9 1 8 5 9 2 8 0 0 0 0 0 0 1 1 0 0 7 10 6 10 8 9 0 0 8 10 6 8 9 10 5 7 0 0 0 0 0 0 3 10 0 0 4 6 4 4 9 10 0 0 1 10 0 0 0 0 8 9 0 0 0 0 0 0 6 6 4 4 0 0 9 10 10 10 0 0 4 10 0 0 10 10 9 10 6 10 0 0 9 10 10 10 7 10 0 0 0 0 
3 6 5 4 
0.0 61.0 60.0 51.0 39.0 55.0 68.0 5.0 15.0 75.0 81.0 55.0 69.0 31.0 31.0 6.0 68.0 23.0 33.0 31.0 61.0 40.0 53.0 20.0 34.0 94.0 55.0 68.0 68.0 5.0 61.0 0.0 81.0 29.0 88.0 57.0 68.0 59.0 75.0 91.0 54.0 8.0 56.0 33.0 39.0 60.0 26.0 81.0 92.0 42.0 8.0 41.0 64.0 53.0 75.0 80.0 52.0 95.0 68.0 59.0 60.0 81.0 0.0 53.0 39.0 26.0 25.0 64.0 58.0 15.0 55.0 81.0 39.0 56.0 47.0 54.0 66.0 55.0 62.0 81.0 87.0 41.0 18.0 76.0 29.0 49.0 31.0 15.0 25.0 64.0 51.0 29.0 53.0 0.0 67.0 28.0 39.0 52.0 62.0 63.0 34.0 31.0 29.0 22.0 21.0 48.0 18.0 65.0 77.0 49.0 36.0 16.0 35.0 53.0 52.0 56.0 24.0 68.0 39.0 52.0 39.0 88.0 39.0 67.0 0.0 52.0 59.0 44.0 29.0 51.0 84.0 85.0 69.0 56.0 50.0 35.0 84.0 22.0 25.0 69.0 91.0 51.0 44.0 59.0 15.0 85.0 55.0 38.0 59.0 44.0 55.0 57.0 26.0 28.0 52.0 0.0 14.0 58.0 59.0 35.0 33.0 58.0 17.0 38.0 30.0 49.0 40.0 60.0 70.0 67.0 63.0 20.0 9.0 65.0 37.0 39.0 5.0 41.0 14.0 58.0 68.0 68.0 25.0 39.0 59.0 14.0 0.0 71.0 71.0 27.0 31.0 70.0 16.0 52.0 43.0 62.0 48.0 70.0 79.0 81.0 75.0 34.0 16.0 79.0 46.0 27.0 17.0 38.0 0.0 71.0 5.0 59.0 64.0 52.0 44.0 58.0 71.0 0.0 19.0 79.0 82.0 53.0 72.0 31.0 33.0 11.0 68.0 27.0 37.0 27.0 59.0 42.0 57.0 15.0 39.0 97.0 58.0 73.0 71.0 0.0 15.0 75.0 58.0 62.0 29.0 59.0 71.0 19.0 0.0 72.0 88.0 69.0 75.0 43.0 42.0 15.0 79.0 8.0 18.0 46.0 75.0 49.0 55.0 33.0 29.0 98.0 61.0 63.0 71.0 19.0 75.0 91.0 15.0 63.0 51.0 35.0 27.0 79.0 72.0 0.0 56.0 92.0 43.0 69.0 60.0 69.0 73.0 69.0 75.0 95.0 97.0 53.0 29.0 91.0 44.0 43.0 39.0 17.0 27.0 79.0 81.0 54.0 55.0 34.0 84.0 33.0 31.0 82.0 88.0 56.0 0.0 59.0 16.0 55.0 50.0 76.0 29.0 90.0 101.0 82.0 62.0 41.0 41.0 86.0 70.0 27.0 30.0 68.0 31.0 82.0 55.0 8.0 81.0 31.0 85.0 58.0 70.0 53.0 69.0 92.0 59.0 0.0 59.0 30.0 37.0 55.0 31.0 76.0 87.0 35.0 7.0 40.0 64.0 46.0 72.0 84.0 54.0 95.0 70.0 53.0 69.0 56.0 39.0 29.0 69.0 17.0 16.0 72.0 75.0 43.0 16.0 59.0 0.0 47.0 40.0 64.0 33.0 76.0 86.0 75.0 63.0 30.0 25.0 77.0 54.0 27.0 15.0 53.0 16.0 72.0 31.0 33.0 56.0 22.0 56.0 38.0 52.0 31.0 43.0 69.0 55.0 30.0 47.0 0.0 9.0 28.0 38.0 48.0 60.0 30.0 36.0 18.0 41.0 32.0 43.0 73.0 35.0 69.0 52.0 31.0 31.0 39.0 47.0 21.0 50.0 30.0 43.0 33.0 42.0 60.0 50.0 37.0 40.0 9.0 0.0 28.0 38.0 46.0 57.0 38.0 43.0 10.0 32.0 37.0 36.0 66.0 28.0 60.0 43.0 33.0 6.0 60.0 54.0 48.0 35.0 49.0 62.0 11.0 15.0 69.0 76.0 55.0 64.0 28.0 28.0 0.0 65.0 21.0 33.0 35.0 61.0 36.0 47.0 25.0 29.0 88.0 50.0 62.0 62.0 11.0 68.0 26.0 66.0 18.0 84.0 40.0 48.0 68.0 79.0 73.0 29.0 31.0 33.0 38.0 38.0 65.0 0.0 83.0 95.0 60.0 34.0 33.0 49.0 67.0 69.0 55.0 35.0 81.0 48.0 68.0 23.0 81.0 55.0 65.0 22.0 60.0 70.0 27.0 8.0 69.0 90.0 76.0 76.0 48.0 46.0 21.0 83.0 0.0 12.0 53.0 82.0 52.0 55.0 41.0 26.0 97.0 62.0 58.0 70.0 27.0 33.0 92.0 62.0 77.0 25.0 70.0 79.0 37.0 18.0 75.0 101.0 87.0 86.0 60.0 57.0 33.0 95.0 12.0 0.0 63.0 93.0 63.0 64.0 50.0 34.0 106.0 72.0 62.0 79.0 37.0 31.0 42.0 81.0 49.0 69.0 67.0 81.0 27.0 46.0 95.0 82.0 35.0 75.0 30.0 38.0 35.0 60.0 53.0 63.0 0.0 39.0 47.0 69.0 14.0 61.0 102.0 65.0 93.0 81.0 27.0 61.0 8.0 87.0 36.0 91.0 63.0 75.0 59.0 75.0 97.0 62.0 7.0 63.0 36.0 43.0 61.0 34.0 82.0 93.0 39.0 0.0 46.0 70.0 51.0 78.0 87.0 59.0 101.0 75.0 59.0 40.0 41.0 41.0 16.0 51.0 20.0 34.0 42.0 49.0 53.0 41.0 40.0 30.0 18.0 10.0 36.0 33.0 52.0 63.0 47.0 46.0 0.0 25.0 47.0 37.0 56.0 18.0 55.0 34.0 42.0 53.0 64.0 18.0 35.0 44.0 9.0 16.0 57.0 55.0 29.0 41.0 64.0 25.0 41.0 32.0 47.0 49.0 55.0 64.0 69.0 70.0 25.0 0.0 66.0 31.0 43.0 14.0 33.0 16.0 57.0 20.0 53.0 76.0 53.0 59.0 65.0 79.0 15.0 33.0 91.0 86.0 46.0 77.0 32.0 37.0 25.0 67.0 41.0 50.0 14.0 51.0 47.0 66.0 0.0 53.0 103.0 64.0 86.0 79.0 15.0 34.0 75.0 29.0 52.0 15.0 37.0 46.0 39.0 29.0 44.0 70.0 72.0 54.0 43.0 36.0 29.0 69.0 26.0 34.0 61.0 78.0 37.0 31.0 53.0 0.0 73.0 41.0 35.0 46.0 39.0 94.0 80.0 49.0 56.0 85.0 39.0 27.0 97.0 98.0 43.0 27.0 84.0 27.0 73.0 66.0 88.0 55.0 97.0 106.0 102.0 87.0 56.0 43.0 103.0 73.0 0.0 39.0 58.0 27.0 97.0 55.0 52.0 31.0 24.0 55.0 5.0 17.0 58.0 61.0 39.0 30.0 54.0 15.0 35.0 28.0 50.0 35.0 62.0 72.0 65.0 59.0 18.0 14.0 64.0 41.0 39.0 0.0 46.0 17.0 58.0 68.0 95.0 15.0 68.0 38.0 41.0 38.0 73.0 63.0 17.0 68.0 95.0 53.0 69.0 60.0 62.0 81.0 58.0 62.0 93.0 101.0 55.0 33.0 86.0 35.0 58.0 46.0 0.0 38.0 73.0 68.0 68.0 25.0 39.0 59.0 14.0 0.0 71.0 71.0 27.0 31.0 70.0 16.0 52.0 43.0 62.0 48.0 70.0 79.0 81.0 75.0 34.0 16.0 79.0 46.0 27.0 17.0 38.0 0.0 71.0 5.0 59.0 64.0 52.0 44.0 58.0 71.0 0.0 19.0 79.0 82.0 53.0 72.0 31.0 33.0 11.0 68.0 27.0 37.0 27.0 59.0 42.0 57.0 15.0 39.0 97.0 58.0 73.0 71.0 0.0 
11 15 5 5 
70 25 92 81 17 52 64 75 32 17 37 68 25 75 75 25 60 14 4 59 42 100 94 74 37 85 72 55 63 55 65 28 69 92 53 11 49 0 97 40 99 78 56 62 32 61 89 29 37 31 15 100 41 71 5 43 25 75 75 25 