6 20 2 4 3 316 65 631 125 10 21
8 13 0 0 13 7 0 0 22 13 0 0 0 0 20 24 0 0 21 51 0 0 10 26 
0 2 4 4 2 0 1 4 0 0 1 0 0 2 5 5 0 4 0 0 1 3 1 5 0 0 1 0 1 0 0 1 0 0 3 5 0 1 1 0 0 0 2 4 0 1 5 0 5 5 0 3 2 1 0 5 1 2 0 5 4 0 0 5 0 0 0 4 0 0 0 3 5 0 0 3 2 0 4 1 
0 1 0 0 0 0 1 1 0 0 0 1 1 0 1 0 0 1 0 1 1 1 0 1 1 0 1 0 0 1 1 0 1 0 0 0 1 1 1 0 0 0 0 1 1 0 0 1 0 1 0 0 1 0 0 1 1 1 0 1 
1 1 1 1 1 1 1 1 1 1 1 1 1 1 1 1 1 1 1 1 1 1 1 1 1 1 1 1 1 1 1 1 1 1 1 1 1 1 1 1 1 1 1 1 1 1 1 1 1 1 1 1 1 1 1 1 1 1 1 1 1 1 1 1 1 1 1 1 1 1 1 1 1 1 1 1 1 1 1 1 1 1 1 1 1 1 1 1 1 1 1 1 1 1 1 1 1 1 1 1 1 1 1 1 1 1 1 1 1 1 1 1 1 1 1 1 1 1 1 1 1 1 1 1 1 1 1 1 1 1 1 1 1 1 1 1 1 1 1 1 1 1 1 1 1 1 1 1 1 1 1 1 1 1 1 1 1 1 1 1 1 1 1 1 1 1 1 1 1 1 1 1 1 1 1 1 1 1 1 1 1 1 1 1 1 1 1 1 1 1 1 1 1 1 1 1 1 1 1 1 
0 0 4 9 7 8 4 5 9 9 0 0 5 8 7 9 0 0 0 0 4 8 0 0 0 0 5 10 10 10 9 10 0 0 8 9 0 0 0 0 9 10 7 9 8 10 10 10 0 0 0 0 7 8 0 0 2 2 0 0 0 0 2 3 0 0 0 0 2 3 2 3 0 0 8 8 3 5 0 0 0 0 0 0 8 10 6 10 0 0 6 6 6 10 0 0 6 7 3 8 0 0 4 6 4 6 8 9 0 0 5 7 8 9 6 9 0 0 2 5 4 9 0 0 0 0 8 10 0 0 0 0 0 0 5 9 0 0 0 0 0 0 5 8 10 10 0 0 0 0 7 10 1 2 0 0 6 7 1 9 
6 4 7 4 
0.0 18.0 40.0 15.0 64.0 47.0 57.0 48.0 31.0 56.0 78.0 36.0 70.0 21.0 71.0 37.0 71.0 24.0 67.0 40.0 77.0 58.0 54.0 66.0 37.0 61.0 61.0 78.0 57.0 48.0 18.0 0.0 26.0 29.0 46.0 32.0 39.0 49.0 39.0 41.0 69.0 19.0 62.0 25.0 53.0 26.0 55.0 29.0 49.0 51.0 62.0 41.0 62.0 54.0 28.0 58.0 59.0 60.0 39.0 49.0 40.0 26.0 0.0 54.0 36.0 7.0 31.0 41.0 45.0 45.0 46.0 11.0 40.0 33.0 35.0 9.0 55.0 35.0 44.0 56.0 37.0 25.0 62.0 28.0 12.0 43.0 44.0 51.0 31.0 41.0 15.0 29.0 54.0 0.0 72.0 60.0 65.0 61.0 41.0 61.0 92.0 48.0 84.0 34.0 82.0 51.0 75.0 37.0 74.0 49.0 90.0 69.0 63.0 80.0 51.0 75.0 74.0 86.0 65.0 61.0 64.0 46.0 36.0 72.0 0.0 34.0 7.0 76.0 78.0 24.0 69.0 31.0 66.0 65.0 19.0 45.0 25.0 68.0 11.0 90.0 44.0 14.0 97.0 49.0 48.0 76.0 78.0 16.0 7.0 76.0 47.0 32.0 7.0 60.0 34.0 0.0 30.0 44.0 50.0 47.0 42.0 16.0 37.0 39.0 30.0 14.0 55.0 41.0 43.0 61.0 30.0 21.0 66.0 23.0 16.0 43.0 44.0 48.0 30.0 44.0 57.0 39.0 31.0 65.0 7.0 30.0 0.0 71.0 72.0 21.0 67.0 24.0 64.0 58.0 22.0 39.0 26.0 61.0 14.0 84.0 44.0 13.0 92.0 47.0 42.0 72.0 73.0 22.0 0.0 71.0 48.0 49.0 41.0 61.0 76.0 44.0 71.0 0.0 23.0 84.0 43.0 49.0 34.0 28.0 72.0 32.0 95.0 25.0 85.0 27.0 60.0 64.0 25.0 44.0 29.0 17.0 15.0 91.0 71.0 0.0 31.0 39.0 45.0 41.0 78.0 50.0 72.0 23.0 0.0 79.0 63.0 48.0 55.0 15.0 79.0 37.0 93.0 11.0 85.0 12.0 74.0 69.0 24.0 59.0 35.0 39.0 38.0 94.0 72.0 23.0 56.0 41.0 45.0 61.0 24.0 47.0 21.0 84.0 79.0 0.0 87.0 35.0 83.0 65.0 42.0 53.0 15.0 68.0 18.0 91.0 65.0 33.0 101.0 67.0 56.0 88.0 89.0 30.0 21.0 84.0 78.0 69.0 46.0 92.0 69.0 42.0 67.0 43.0 63.0 87.0 0.0 56.0 9.0 61.0 55.0 43.0 93.0 60.0 79.0 69.0 31.0 56.0 65.0 21.0 42.0 28.0 30.0 79.0 67.0 43.0 36.0 19.0 11.0 48.0 31.0 16.0 24.0 49.0 48.0 35.0 56.0 0.0 51.0 35.0 35.0 18.0 47.0 38.0 37.0 60.0 44.0 23.0 68.0 38.0 21.0 53.0 54.0 46.0 24.0 49.0 70.0 62.0 40.0 84.0 66.0 37.0 64.0 34.0 55.0 83.0 9.0 51.0 0.0 52.0 54.0 36.0 90.0 51.0 76.0 61.0 33.0 53.0 57.0 19.0 35.0 20.0 22.0 78.0 64.0 34.0 21.0 25.0 33.0 34.0 65.0 39.0 58.0 28.0 15.0 65.0 61.0 35.0 52.0 0.0 67.0 26.0 78.0 4.0 71.0 26.0 66.0 56.0 37.0 52.0 24.0 41.0 41.0 80.0 58.0 28.0 71.0 53.0 35.0 82.0 19.0 30.0 22.0 72.0 79.0 42.0 55.0 35.0 54.0 67.0 0.0 43.0 42.0 69.0 28.0 90.0 27.0 13.0 95.0 36.0 45.0 68.0 69.0 25.0 22.0 72.0 37.0 26.0 9.0 51.0 45.0 14.0 39.0 32.0 37.0 53.0 43.0 18.0 36.0 26.0 43.0 0.0 64.0 28.0 53.0 48.0 41.0 33.0 53.0 29.0 3.0 36.0 37.0 60.0 39.0 32.0 71.0 55.0 55.0 75.0 25.0 55.0 26.0 95.0 93.0 15.0 93.0 47.0 90.0 78.0 42.0 64.0 0.0 82.0 14.0 104.0 67.0 37.0 114.0 72.0 66.0 98.0 99.0 22.0 26.0 95.0 24.0 29.0 35.0 37.0 68.0 41.0 61.0 25.0 11.0 68.0 60.0 38.0 51.0 4.0 69.0 28.0 82.0 0.0 74.0 23.0 67.0 58.0 34.0 52.0 26.0 39.0 39.0 83.0 61.0 25.0 67.0 49.0 44.0 74.0 11.0 43.0 14.0 85.0 85.0 18.0 79.0 37.0 76.0 71.0 28.0 53.0 14.0 74.0 0.0 96.0 53.0 24.0 105.0 59.0 56.0 86.0 87.0 13.0 14.0 85.0 40.0 51.0 56.0 49.0 90.0 61.0 84.0 27.0 12.0 91.0 69.0 60.0 61.0 26.0 90.0 48.0 104.0 23.0 96.0 0.0 84.0 80.0 15.0 68.0 45.0 43.0 42.0 105.0 84.0 27.0 77.0 62.0 37.0 90.0 44.0 30.0 44.0 60.0 74.0 65.0 31.0 44.0 33.0 66.0 27.0 41.0 67.0 67.0 53.0 84.0 0.0 33.0 84.0 17.0 42.0 51.0 53.0 51.0 44.0 60.0 58.0 41.0 25.0 69.0 14.0 21.0 13.0 64.0 69.0 33.0 56.0 23.0 53.0 56.0 13.0 33.0 37.0 58.0 24.0 80.0 33.0 0.0 86.0 35.0 36.0 63.0 64.0 27.0 13.0 64.0 54.0 62.0 62.0 63.0 97.0 66.0 92.0 25.0 24.0 101.0 65.0 68.0 57.0 37.0 95.0 53.0 114.0 34.0 105.0 15.0 84.0 86.0 0.0 68.0 51.0 37.0 35.0 112.0 92.0 25.0 66.0 54.0 28.0 80.0 49.0 23.0 47.0 44.0 59.0 67.0 21.0 38.0 19.0 52.0 36.0 29.0 72.0 52.0 59.0 68.0 17.0 35.0 68.0 0.0 29.0 35.0 37.0 60.0 47.0 44.0 37.0 28.0 12.0 51.0 48.0 16.0 42.0 29.0 35.0 56.0 42.0 21.0 35.0 24.0 45.0 3.0 66.0 26.0 56.0 45.0 42.0 36.0 51.0 29.0 0.0 33.0 34.0 62.0 42.0 29.0 61.0 58.0 43.0 75.0 76.0 43.0 72.0 17.0 39.0 88.0 28.0 53.0 20.0 41.0 68.0 36.0 98.0 39.0 86.0 43.0 51.0 63.0 37.0 35.0 33.0 0.0 2.0 90.0 72.0 17.0 61.0 59.0 44.0 74.0 78.0 44.0 73.0 15.0 38.0 89.0 30.0 54.0 22.0 41.0 69.0 37.0 99.0 39.0 87.0 42.0 53.0 64.0 35.0 37.0 34.0 2.0 0.0 91.0 73.0 15.0 78.0 60.0 51.0 86.0 16.0 48.0 22.0 91.0 94.0 30.0 79.0 46.0 78.0 80.0 25.0 60.0 22.0 83.0 13.0 105.0 51.0 27.0 112.0 60.0 62.0 90.0 91.0 0.0 22.0 91.0 57.0 39.0 31.0 65.0 7.0 30.0 0.0 71.0 72.0 21.0 67.0 24.0 64.0 58.0 22.0 39.0 26.0 61.0 14.0 84.0 44.0 13.0 92.0 47.0 42.0 72.0 73.0 22.0 0.0 71.0 48.0 49.0 41.0 61.0 76.0 44.0 71.0 0.0 23.0 84.0 43.0 49.0 34.0 28.0 72.0 32.0 95.0 25.0 85.0 27.0 60.0 64.0 25.0 44.0 29.0 17.0 15.0 91.0 71.0 0.0 
15 14 15 6 
81 72 63 72 46 53 89 84 18 75 40 50 25 75 75 25 89 43 30 95 36 9 46 64 43 14 78 52 12 58 53 48 16 99 80 49 16 85 99 37 16 32 24 63 99 22 32 29 55 46 63 14 65 14 4 81 25 75 75 25 