6 20 2 4 3 114 65 228 125 10 21
15 15 0 0 24 11 0 0 13 8 0 0 0 0 18 22 0 0 25 12 0 0 10 20 
0 5 0 0 1 0 0 1 5 4 5 0 0 1 0 1 0 0 4 2 2 0 0 0 2 0 4 5 0 3 0 1 0 1 0 0 0 0 2 2 3 0 0 5 2 0 0 1 3 2 2 0 0 0 0 2 3 1 1 0 3 0 2 0 1 0 0 2 0 0 4 0 0 0 2 1 2 0 4 0 
1 0 0 0 0 1 1 1 1 0 0 1 1 0 0 1 1 1 1 0 0 0 1 1 0 0 1 1 1 1 1 1 0 0 1 0 1 1 0 0 1 0 0 1 1 0 1 1 0 0 0 0 1 1 0 0 0 1 0 0 
1 1 1 1 1 1 1 1 1 1 1 1 1 1 1 1 1 1 1 1 1 1 1 1 1 1 1 1 1 1 1 1 1 1 1 1 1 1 1 1 1 1 1 1 1 1 1 1 1 1 1 1 1 1 1 1 1 1 1 1 1 1 1 1 1 1 1 1 1 1 1 1 1 1 1 1 1 1 1 1 1 1 1 1 1 1 1 1 1 1 1 1 1 1 1 1 1 1 1 1 1 1 1 1 1 1 1 1 1 1 1 1 1 1 1 1 1 1 1 1 1 1 1 1 1 1 1 1 1 1 1 1 1 1 1 1 1 1 1 1 1 1 1 1 1 1 1 1 1 1 1 1 1 1 1 1 1 1 1 1 1 1 1 1 1 1 1 1 1 1 1 1 1 1 1 1 1 1 1 1 1 1 1 1 1 1 1 1 1 1 1 1 1 1 1 1 1 1 1 1 
0 0 2 10 0 0 0 0 3 3 0 0 0 0 1 6 4 5 7 8 1 9 0 0 0 0 10 10 0 0 8 9 0 0 0 0 9 10 4 10 8 9 0 0 0 0 0 0 10 10 0 0 1 4 1 7 0 0 7 9 0 0 7 10 0 0 1 4 0 0 0 0 0 0 0 0 5 8 10 10 5 6 0 0 0 0 10 10 5 9 0 0 0 0 9 10 9 10 9 10 4 8 0 0 0 0 0 0 0 0 9 10 5 6 9 10 6 7 0 0 10 10 0 0 5 6 0 0 2 2 0 0 0 0 3 9 0 0 0 0 3 9 0 0 0 0 0 0 8 10 1 1 8 10 0 0 3 3 0 0 
9 6 8 7 
0.0 100.0 72.0 93.0 95.0 67.0 78.0 78.0 72.0 100.0 85.0 32.0 52.0 100.0 65.0 50.0 100.0 107.0 70.0 40.0 23.0 98.0 98.0 113.0 54.0 77.0 67.0 76.0 78.0 78.0 100.0 0.0 68.0 7.0 13.0 52.0 51.0 42.0 42.0 60.0 46.0 77.0 64.0 68.0 75.0 65.0 6.0 30.0 35.0 64.0 81.0 47.0 38.0 27.0 49.0 65.0 35.0 27.0 51.0 42.0 72.0 68.0 0.0 65.0 56.0 80.0 89.0 26.0 75.0 110.0 90.0 41.0 22.0 114.0 97.0 24.0 64.0 55.0 37.0 64.0 68.0 99.0 40.0 93.0 38.0 6.0 43.0 44.0 89.0 26.0 93.0 7.0 65.0 0.0 13.0 46.0 46.0 40.0 35.0 57.0 42.0 71.0 59.0 64.0 69.0 60.0 11.0 33.0 30.0 57.0 75.0 44.0 39.0 29.0 43.0 62.0 29.0 22.0 46.0 40.0 95.0 13.0 56.0 13.0 0.0 55.0 57.0 31.0 45.0 70.0 54.0 69.0 54.0 77.0 78.0 55.0 9.0 21.0 26.0 62.0 78.0 56.0 26.0 39.0 42.0 53.0 29.0 19.0 57.0 31.0 67.0 52.0 80.0 46.0 55.0 0.0 13.0 64.0 11.0 35.0 19.0 60.0 62.0 37.0 24.0 61.0 55.0 75.0 48.0 28.0 45.0 32.0 75.0 52.0 42.0 81.0 40.0 45.0 13.0 64.0 78.0 51.0 89.0 46.0 57.0 13.0 0.0 71.0 15.0 24.0 8.0 72.0 73.0 26.0 26.0 72.0 56.0 77.0 55.0 40.0 56.0 21.0 80.0 46.0 52.0 89.0 47.0 51.0 0.0 71.0 78.0 42.0 26.0 40.0 31.0 64.0 71.0 0.0 57.0 90.0 71.0 48.0 29.0 95.0 85.0 31.0 39.0 32.0 17.0 57.0 68.0 78.0 21.0 68.0 29.0 23.0 25.0 22.0 71.0 0.0 72.0 42.0 75.0 35.0 45.0 11.0 15.0 57.0 0.0 36.0 17.0 61.0 59.0 40.0 34.0 59.0 46.0 65.0 41.0 32.0 50.0 29.0 67.0 44.0 39.0 75.0 33.0 37.0 15.0 57.0 100.0 60.0 110.0 57.0 70.0 35.0 24.0 90.0 36.0 0.0 20.0 95.0 95.0 9.0 40.0 94.0 66.0 89.0 74.0 63.0 78.0 14.0 95.0 44.0 74.0 109.0 67.0 69.0 24.0 90.0 85.0 46.0 90.0 42.0 54.0 19.0 8.0 71.0 17.0 20.0 0.0 77.0 75.0 25.0 34.0 75.0 51.0 74.0 55.0 46.0 63.0 13.0 78.0 38.0 55.0 90.0 48.0 50.0 8.0 71.0 32.0 77.0 41.0 71.0 69.0 60.0 72.0 48.0 61.0 95.0 77.0 0.0 21.0 97.0 70.0 19.0 76.0 79.0 44.0 35.0 30.0 89.0 68.0 95.0 29.0 46.0 42.0 51.0 72.0 48.0 52.0 64.0 22.0 59.0 54.0 62.0 73.0 29.0 59.0 95.0 75.0 21.0 0.0 98.0 78.0 2.0 62.0 61.0 29.0 43.0 47.0 86.0 49.0 86.0 21.0 26.0 32.0 37.0 73.0 29.0 100.0 68.0 114.0 64.0 77.0 37.0 26.0 95.0 40.0 9.0 25.0 97.0 98.0 0.0 37.0 98.0 73.0 96.0 79.0 64.0 78.0 22.0 101.0 52.0 78.0 114.0 72.0 74.0 26.0 95.0 65.0 75.0 97.0 69.0 78.0 24.0 26.0 85.0 34.0 40.0 34.0 70.0 78.0 37.0 0.0 76.0 79.0 98.0 69.0 36.0 45.0 44.0 98.0 71.0 60.0 99.0 61.0 68.0 26.0 85.0 50.0 65.0 24.0 60.0 55.0 61.0 72.0 31.0 59.0 94.0 75.0 19.0 2.0 98.0 76.0 0.0 63.0 62.0 30.0 42.0 45.0 86.0 51.0 86.0 21.0 28.0 32.0 38.0 72.0 31.0 100.0 6.0 64.0 11.0 9.0 55.0 56.0 39.0 46.0 66.0 51.0 76.0 62.0 73.0 79.0 63.0 0.0 24.0 33.0 65.0 82.0 52.0 33.0 32.0 48.0 61.0 34.0 25.0 56.0 39.0 107.0 30.0 55.0 33.0 21.0 75.0 77.0 32.0 65.0 89.0 74.0 79.0 61.0 96.0 98.0 62.0 24.0 0.0 38.0 78.0 93.0 76.0 15.0 54.0 54.0 50.0 43.0 34.0 77.0 32.0 70.0 35.0 37.0 30.0 26.0 48.0 55.0 17.0 41.0 74.0 55.0 44.0 29.0 79.0 69.0 30.0 33.0 38.0 0.0 43.0 56.0 63.0 32.0 58.0 17.0 36.0 9.0 9.0 55.0 17.0 40.0 64.0 64.0 57.0 62.0 28.0 40.0 57.0 32.0 63.0 46.0 35.0 43.0 64.0 36.0 42.0 65.0 78.0 43.0 0.0 19.0 59.0 74.0 74.0 29.0 66.0 36.0 45.0 40.0 57.0 23.0 81.0 68.0 75.0 78.0 45.0 56.0 68.0 50.0 78.0 63.0 30.0 47.0 78.0 45.0 45.0 82.0 93.0 56.0 19.0 0.0 76.0 86.0 92.0 40.0 72.0 50.0 60.0 56.0 68.0 98.0 47.0 99.0 44.0 56.0 32.0 21.0 78.0 29.0 14.0 13.0 89.0 86.0 22.0 44.0 86.0 52.0 76.0 63.0 59.0 76.0 0.0 82.0 31.0 65.0 98.0 57.0 57.0 21.0 78.0 98.0 38.0 40.0 39.0 26.0 75.0 80.0 21.0 67.0 95.0 78.0 68.0 49.0 101.0 98.0 51.0 33.0 15.0 32.0 74.0 86.0 82.0 0.0 64.0 47.0 35.0 39.0 31.0 80.0 21.0 113.0 27.0 93.0 29.0 39.0 52.0 46.0 68.0 44.0 44.0 38.0 95.0 86.0 52.0 71.0 86.0 32.0 54.0 58.0 74.0 92.0 31.0 64.0 0.0 68.0 90.0 55.0 50.0 46.0 68.0 54.0 49.0 38.0 43.0 42.0 42.0 52.0 29.0 39.0 74.0 55.0 29.0 21.0 78.0 60.0 21.0 48.0 54.0 17.0 29.0 40.0 65.0 47.0 68.0 0.0 40.0 14.0 23.0 52.0 29.0 77.0 65.0 6.0 62.0 53.0 81.0 89.0 23.0 75.0 109.0 90.0 46.0 26.0 114.0 99.0 28.0 61.0 50.0 36.0 66.0 72.0 98.0 35.0 90.0 40.0 0.0 43.0 43.0 89.0 23.0 67.0 35.0 43.0 29.0 29.0 40.0 47.0 25.0 33.0 67.0 48.0 42.0 32.0 72.0 61.0 32.0 34.0 43.0 9.0 36.0 50.0 57.0 39.0 55.0 14.0 43.0 0.0 10.0 47.0 25.0 76.0 27.0 44.0 22.0 19.0 45.0 51.0 22.0 37.0 69.0 50.0 51.0 37.0 74.0 68.0 38.0 25.0 34.0 9.0 45.0 60.0 57.0 31.0 50.0 23.0 43.0 10.0 0.0 51.0 22.0 78.0 51.0 89.0 46.0 57.0 13.0 0.0 71.0 15.0 24.0 8.0 72.0 73.0 26.0 26.0 72.0 56.0 77.0 55.0 40.0 56.0 21.0 80.0 46.0 52.0 89.0 47.0 51.0 0.0 71.0 78.0 42.0 26.0 40.0 31.0 64.0 71.0 0.0 57.0 90.0 71.0 48.0 29.0 95.0 85.0 31.0 39.0 32.0 17.0 57.0 68.0 78.0 21.0 68.0 29.0 23.0 25.0 22.0 71.0 0.0 
7 12 3 1 
99 99 33 25 100 28 36 31 45 22 37 76 25 75 75 25 36 66 2 76 20 69 96 68 92 48 1 84 34 99 92 50 37 21 52 3 65 38 64 80 78 92 8 64 66 7 8 33 72 53 97 23 61 45 57 36 25 75 75 25 