6 20 2 4 3 171 65 341 125 10 21
12 31 0 0 21 35 0 0 18 16 0 0 0 0 17 15 0 0 32 25 0 0 16 35 
1 0 0 5 1 0 5 1 2 4 4 3 4 5 0 5 0 5 0 0 1 0 0 0 3 1 0 3 0 0 0 2 0 1 5 5 4 0 4 5 0 5 0 2 0 5 4 4 1 3 0 0 2 4 5 0 2 0 0 0 0 2 5 0 1 1 0 0 0 1 4 0 1 0 5 0 0 0 3 0 
1 0 1 1 0 0 0 1 0 1 1 1 1 0 1 1 1 0 0 0 1 0 1 0 1 0 1 0 1 1 1 0 1 1 1 0 0 0 0 0 0 0 1 0 1 1 0 0 1 1 0 0 0 0 0 0 0 1 0 0 
1 1 1 1 1 1 1 1 1 1 1 1 1 1 1 1 1 1 1 1 1 1 1 1 1 1 1 1 1 1 1 1 1 1 1 1 1 1 1 1 1 1 1 1 1 1 1 1 1 1 1 1 1 1 1 1 1 1 1 1 1 1 1 1 1 1 1 1 1 1 1 1 1 1 1 1 1 1 1 1 1 1 1 1 1 1 1 1 1 1 1 1 1 1 1 1 1 1 1 1 1 1 1 1 1 1 1 1 1 1 1 1 1 1 1 1 1 1 1 1 1 1 1 1 1 1 1 1 1 1 1 1 1 1 1 1 1 1 1 1 1 1 1 1 1 1 1 1 1 1 1 1 1 1 1 1 1 1 1 1 1 1 1 1 1 1 1 1 1 1 1 1 1 1 1 1 1 1 1 1 1 1 1 1 1 1 1 1 1 1 1 1 1 1 1 1 1 1 1 1 
7 10 0 0 0 0 1 6 1 9 0 0 3 6 3 6 5 6 1 7 10 10 8 10 3 10 2 5 0 0 3 4 0 0 7 10 0 0 0 0 10 10 0 0 0 0 0 0 7 8 3 5 0 0 5 5 0 0 0 0 0 0 7 7 0 0 2 8 10 10 9 9 5 6 0 0 10 10 6 10 0 0 6 9 0 0 3 10 0 0 5 10 5 8 5 10 4 9 3 6 0 0 0 0 4 8 8 9 4 9 0 0 6 8 0 0 0 0 0 0 0 0 1 4 8 9 0 0 7 10 1 1 0 0 0 0 0 0 2 4 2 7 0 0 8 10 0 0 10 10 0 0 0 0 0 0 5 5 0 0 
7 5 5 10 
0.0 10.0 48.0 34.0 36.0 37.0 46.0 30.0 32.0 60.0 32.0 52.0 38.0 33.0 59.0 54.0 14.0 54.0 21.0 67.0 42.0 15.0 54.0 46.0 54.0 35.0 48.0 49.0 46.0 30.0 10.0 0.0 38.0 40.0 28.0 38.0 43.0 29.0 26.0 51.0 42.0 44.0 28.0 43.0 58.0 44.0 7.0 53.0 13.0 57.0 34.0 17.0 45.0 36.0 46.0 25.0 54.0 52.0 43.0 29.0 48.0 38.0 0.0 71.0 23.0 57.0 48.0 51.0 34.0 20.0 79.0 34.0 13.0 80.0 73.0 7.0 36.0 69.0 33.0 20.0 29.0 47.0 19.0 13.0 31.0 13.0 81.0 75.0 48.0 51.0 34.0 40.0 71.0 0.0 51.0 24.0 41.0 62.0 41.0 75.0 27.0 84.0 65.0 31.0 89.0 78.0 46.0 85.0 52.0 90.0 74.0 25.0 83.0 64.0 61.0 61.0 15.0 21.0 41.0 62.0 36.0 28.0 23.0 51.0 0.0 34.0 27.0 51.0 11.0 26.0 64.0 50.0 24.0 66.0 79.0 30.0 30.0 74.0 30.0 40.0 41.0 29.0 40.0 13.0 19.0 19.0 59.0 52.0 27.0 51.0 37.0 38.0 57.0 24.0 34.0 0.0 18.0 66.0 24.0 55.0 48.0 78.0 55.0 51.0 95.0 63.0 44.0 90.0 49.0 73.0 68.0 23.0 72.0 47.0 39.0 50.0 27.0 19.0 18.0 66.0 46.0 43.0 48.0 41.0 27.0 18.0 0.0 71.0 19.0 42.0 64.0 76.0 50.0 67.0 100.0 55.0 48.0 95.0 51.0 62.0 66.0 33.0 66.0 37.0 24.0 45.0 43.0 32.0 0.0 71.0 30.0 29.0 51.0 62.0 51.0 66.0 71.0 0.0 54.0 69.0 51.0 33.0 38.0 50.0 30.0 54.0 24.0 25.0 22.0 66.0 28.0 43.0 45.0 55.0 70.0 39.0 77.0 79.0 71.0 0.0 32.0 26.0 34.0 41.0 11.0 24.0 19.0 54.0 0.0 35.0 57.0 58.0 33.0 59.0 83.0 40.0 30.0 78.0 33.0 51.0 48.0 22.0 50.0 24.0 23.0 28.0 49.0 42.0 19.0 54.0 60.0 51.0 20.0 75.0 26.0 55.0 42.0 69.0 35.0 0.0 89.0 54.0 32.0 91.0 92.0 22.0 51.0 88.0 49.0 23.0 48.0 54.0 37.0 15.0 19.0 30.0 82.0 73.0 42.0 69.0 32.0 42.0 79.0 27.0 64.0 48.0 64.0 51.0 57.0 89.0 0.0 80.0 69.0 4.0 73.0 85.0 45.0 69.0 51.0 98.0 72.0 35.0 85.0 75.0 79.0 67.0 39.0 48.0 64.0 51.0 52.0 44.0 34.0 84.0 50.0 78.0 76.0 33.0 58.0 54.0 80.0 0.0 26.0 80.0 44.0 33.0 38.0 41.0 32.0 42.0 10.0 60.0 19.0 45.0 64.0 31.0 97.0 95.0 76.0 33.0 38.0 28.0 13.0 65.0 24.0 55.0 50.0 38.0 33.0 32.0 69.0 26.0 0.0 70.0 61.0 18.0 25.0 57.0 20.0 31.0 18.0 40.0 18.0 20.0 39.0 6.0 76.0 72.0 50.0 38.0 33.0 43.0 80.0 31.0 66.0 51.0 67.0 50.0 59.0 91.0 4.0 80.0 70.0 0.0 71.0 86.0 46.0 67.0 51.0 100.0 72.0 38.0 85.0 77.0 81.0 68.0 43.0 52.0 67.0 50.0 59.0 58.0 73.0 89.0 79.0 95.0 100.0 30.0 83.0 92.0 73.0 44.0 61.0 71.0 0.0 74.0 53.0 5.0 50.0 85.0 45.0 72.0 61.0 81.0 97.0 64.0 104.0 107.0 100.0 30.0 54.0 44.0 7.0 78.0 30.0 63.0 55.0 54.0 40.0 22.0 85.0 33.0 18.0 86.0 74.0 0.0 42.0 70.0 37.0 14.0 29.0 54.0 16.0 18.0 36.0 19.0 88.0 81.0 55.0 54.0 14.0 7.0 36.0 46.0 30.0 44.0 48.0 24.0 30.0 51.0 45.0 38.0 25.0 46.0 53.0 42.0 0.0 48.0 7.0 55.0 29.0 23.0 40.0 37.0 49.0 23.0 60.0 59.0 48.0 24.0 54.0 53.0 69.0 85.0 74.0 90.0 95.0 25.0 78.0 88.0 69.0 41.0 57.0 67.0 5.0 70.0 48.0 0.0 45.0 81.0 41.0 67.0 58.0 76.0 93.0 60.0 99.0 102.0 95.0 25.0 21.0 13.0 33.0 52.0 30.0 49.0 51.0 22.0 33.0 49.0 51.0 32.0 20.0 51.0 50.0 37.0 7.0 45.0 0.0 51.0 22.0 29.0 34.0 35.0 49.0 20.0 66.0 64.0 51.0 22.0 67.0 57.0 20.0 90.0 40.0 73.0 62.0 66.0 51.0 23.0 98.0 42.0 31.0 100.0 85.0 14.0 55.0 81.0 51.0 0.0 41.0 66.0 24.0 27.0 41.0 32.0 99.0 91.0 62.0 66.0 42.0 34.0 29.0 74.0 41.0 68.0 66.0 28.0 48.0 48.0 72.0 10.0 18.0 72.0 45.0 29.0 29.0 41.0 22.0 41.0 0.0 50.0 18.0 38.0 56.0 23.0 87.0 85.0 66.0 28.0 15.0 17.0 47.0 25.0 29.0 23.0 33.0 43.0 22.0 54.0 35.0 60.0 40.0 38.0 72.0 54.0 23.0 67.0 29.0 66.0 50.0 0.0 58.0 41.0 44.0 36.0 38.0 36.0 33.0 43.0 54.0 45.0 19.0 83.0 40.0 72.0 66.0 45.0 50.0 37.0 85.0 19.0 18.0 85.0 61.0 16.0 40.0 58.0 34.0 24.0 18.0 58.0 0.0 32.0 50.0 23.0 94.0 90.0 66.0 45.0 46.0 36.0 13.0 64.0 13.0 47.0 37.0 55.0 24.0 15.0 75.0 45.0 20.0 77.0 81.0 18.0 37.0 76.0 35.0 27.0 38.0 41.0 32.0 0.0 19.0 17.0 72.0 65.0 37.0 55.0 54.0 46.0 31.0 61.0 19.0 39.0 24.0 70.0 23.0 19.0 79.0 64.0 39.0 81.0 97.0 36.0 49.0 93.0 49.0 41.0 56.0 44.0 50.0 19.0 0.0 34.0 66.0 56.0 24.0 70.0 35.0 25.0 13.0 61.0 19.0 50.0 45.0 39.0 28.0 30.0 67.0 31.0 6.0 68.0 64.0 19.0 23.0 60.0 20.0 32.0 23.0 36.0 23.0 17.0 34.0 0.0 72.0 67.0 45.0 39.0 48.0 54.0 81.0 15.0 59.0 27.0 43.0 77.0 49.0 82.0 39.0 97.0 76.0 43.0 104.0 88.0 60.0 99.0 66.0 99.0 87.0 38.0 94.0 72.0 66.0 72.0 0.0 13.0 43.0 77.0 49.0 52.0 75.0 21.0 52.0 19.0 32.0 79.0 42.0 73.0 48.0 95.0 72.0 52.0 107.0 81.0 59.0 102.0 64.0 91.0 85.0 36.0 90.0 65.0 56.0 67.0 13.0 0.0 32.0 79.0 46.0 43.0 48.0 41.0 27.0 18.0 0.0 71.0 19.0 42.0 64.0 76.0 50.0 67.0 100.0 55.0 48.0 95.0 51.0 62.0 66.0 33.0 66.0 37.0 24.0 45.0 43.0 32.0 0.0 71.0 30.0 29.0 51.0 62.0 51.0 66.0 71.0 0.0 54.0 69.0 51.0 33.0 38.0 50.0 30.0 54.0 24.0 25.0 22.0 66.0 28.0 43.0 45.0 55.0 70.0 39.0 77.0 79.0 71.0 0.0 
1 3 7 9 
47 35 53 43 73 75 14 36 51 70 19 59 25 75 75 25 41 66 63 92 26 12 96 50 73 62 28 9 98 7 79 78 59 42 94 10 65 44 85 90 86 50 37 45 90 67 61 78 45 88 68 63 0 41 2 53 25 75 75 25 