6 20 2 4 3 120 65 239 125 10 21
18 26 0 0 20 14 0 0 8 29 0 0 0 0 30 25 0 0 40 21 0 0 22 20 
0 2 5 0 5 0 0 1 4 2 3 0 0 0 3 5 0 0 4 5 2 4 3 3 0 2 2 0 0 3 0 0 3 0 0 2 0 0 2 3 0 5 2 2 2 3 4 0 0 0 4 2 0 0 4 3 1 2 0 2 2 4 0 0 0 3 4 1 0 0 3 2 3 1 0 0 0 4 0 0 
1 0 0 1 0 1 1 1 1 0 1 0 1 0 1 1 0 0 0 0 0 1 0 1 0 1 1 0 1 0 0 0 1 0 1 0 0 0 1 0 1 1 0 0 1 0 1 1 1 0 0 0 1 1 1 0 0 1 1 1 
1 1 1 1 1 1 1 1 1 1 1 1 1 1 1 1 1 1 1 1 1 1 1 1 1 1 1 1 1 1 1 1 1 1 1 1 1 1 1 1 1 1 1 1 1 1 1 1 1 1 1 1 1 1 1 1 1 1 1 1 1 1 1 1 1 1 1 1 1 1 1 1 1 1 1 1 1 1 1 1 1 1 1 1 1 1 1 1 1 1 1 1 1 1 1 1 1 1 1 1 1 1 1 1 1 1 1 1 1 1 1 1 1 1 1 1 1 1 1 1 1 1 1 1 1 1 1 1 1 1 1 1 1 1 1 1 1 1 1 1 1 1 1 1 1 1 1 1 1 1 1 1 1 1 1 1 1 1 1 1 1 1 1 1 1 1 1 1 1 1 1 1 1 1 1 1 1 1 1 1 1 1 1 1 1 1 1 1 1 1 1 1 1 1 1 1 1 1 1 1 
0 0 7 10 3 7 0 0 5 9 0 0 0 0 9 10 3 4 1 4 10 10 0 0 0 0 0 0 9 10 5 7 0 0 0 0 6 9 5 5 3 8 4 7 8 10 7 10 0 0 8 10 10 10 0 0 0 0 3 7 0 0 0 0 1 1 0 0 0 0 4 5 0 0 0 0 6 9 7 8 0 0 5 10 7 8 8 10 9 10 1 9 8 10 0 0 0 0 0 0 7 10 2 3 0 0 0 0 5 10 2 10 10 10 3 4 0 0 10 10 9 9 2 4 0 0 0 0 0 0 3 7 8 9 3 7 0 0 0 0 3 9 8 8 1 8 1 7 0 0 0 0 0 0 7 9 0 0 0 0 
9 10 1 8 
0.0 74.0 31.0 20.0 25.0 23.0 68.0 4.0 19.0 66.0 19.0 29.0 21.0 19.0 63.0 43.0 23.0 80.0 15.0 61.0 76.0 82.0 26.0 67.0 69.0 44.0 28.0 31.0 68.0 4.0 74.0 0.0 78.0 62.0 92.0 52.0 29.0 77.0 74.0 28.0 80.0 48.0 74.0 87.0 51.0 50.0 63.0 9.0 65.0 82.0 55.0 13.0 63.0 25.0 47.0 58.0 98.0 101.0 29.0 77.0 31.0 78.0 0.0 47.0 23.0 33.0 83.0 30.0 50.0 81.0 15.0 34.0 11.0 22.0 86.0 66.0 18.0 86.0 43.0 91.0 98.0 89.0 54.0 62.0 90.0 25.0 54.0 32.0 83.0 30.0 20.0 62.0 47.0 0.0 45.0 22.0 51.0 23.0 12.0 49.0 37.0 27.0 37.0 39.0 43.0 24.0 33.0 67.0 5.0 45.0 56.0 68.0 8.0 61.0 50.0 50.0 36.0 50.0 51.0 23.0 25.0 92.0 23.0 45.0 0.0 41.0 91.0 22.0 42.0 89.0 13.0 45.0 20.0 6.0 87.0 67.0 31.0 99.0 40.0 84.0 100.0 102.0 51.0 80.0 93.0 47.0 35.0 10.0 91.0 22.0 23.0 52.0 33.0 22.0 41.0 0.0 52.0 25.0 31.0 49.0 29.0 7.0 25.0 35.0 54.0 35.0 16.0 59.0 21.0 64.0 66.0 61.0 28.0 44.0 58.0 30.0 50.0 49.0 52.0 25.0 68.0 29.0 83.0 51.0 91.0 52.0 0.0 71.0 61.0 3.0 80.0 50.0 76.0 85.0 23.0 30.0 66.0 26.0 55.0 57.0 27.0 25.0 48.0 48.0 19.0 70.0 85.0 98.0 0.0 71.0 4.0 77.0 30.0 23.0 22.0 25.0 71.0 0.0 22.0 69.0 16.0 31.0 20.0 16.0 66.0 46.0 23.0 83.0 19.0 64.0 79.0 85.0 30.0 69.0 72.0 44.0 27.0 28.0 71.0 0.0 19.0 74.0 50.0 12.0 42.0 31.0 61.0 22.0 0.0 59.0 37.0 37.0 39.0 37.0 50.0 32.0 39.0 78.0 11.0 43.0 63.0 79.0 14.0 73.0 57.0 58.0 25.0 45.0 61.0 22.0 66.0 28.0 81.0 49.0 89.0 49.0 3.0 69.0 59.0 0.0 77.0 48.0 74.0 83.0 23.0 29.0 64.0 26.0 53.0 57.0 28.0 25.0 46.0 47.0 20.0 68.0 84.0 96.0 3.0 69.0 19.0 80.0 15.0 37.0 13.0 29.0 80.0 16.0 37.0 77.0 0.0 33.0 7.0 9.0 78.0 58.0 18.0 87.0 33.0 79.0 91.0 89.0 44.0 67.0 84.0 35.0 40.0 23.0 80.0 16.0 29.0 48.0 34.0 27.0 45.0 7.0 50.0 31.0 37.0 48.0 33.0 0.0 27.0 40.0 55.0 36.0 17.0 55.0 26.0 68.0 67.0 57.0 32.0 39.0 58.0 26.0 56.0 54.0 50.0 31.0 21.0 74.0 11.0 37.0 20.0 25.0 76.0 20.0 39.0 74.0 7.0 27.0 0.0 16.0 76.0 56.0 11.0 81.0 33.0 80.0 89.0 84.0 44.0 60.0 81.0 28.0 45.0 29.0 76.0 20.0 19.0 87.0 22.0 39.0 6.0 35.0 85.0 16.0 37.0 83.0 9.0 40.0 16.0 0.0 82.0 61.0 26.0 94.0 34.0 79.0 95.0 96.0 45.0 75.0 87.0 44.0 33.0 14.0 85.0 16.0 63.0 51.0 86.0 43.0 87.0 54.0 23.0 66.0 50.0 23.0 78.0 55.0 76.0 82.0 0.0 21.0 69.0 49.0 48.0 35.0 13.0 48.0 38.0 66.0 8.0 79.0 73.0 93.0 23.0 66.0 43.0 50.0 66.0 24.0 67.0 35.0 30.0 46.0 32.0 29.0 58.0 36.0 56.0 61.0 21.0 0.0 50.0 52.0 28.0 36.0 34.0 52.0 19.0 58.0 27.0 62.0 56.0 73.0 30.0 46.0 23.0 63.0 18.0 33.0 31.0 16.0 66.0 23.0 39.0 64.0 18.0 17.0 11.0 26.0 69.0 50.0 0.0 71.0 30.0 77.0 82.0 73.0 40.0 50.0 73.0 21.0 50.0 40.0 66.0 23.0 80.0 9.0 86.0 67.0 99.0 59.0 26.0 83.0 78.0 26.0 87.0 55.0 81.0 94.0 49.0 52.0 71.0 0.0 70.0 82.0 52.0 4.0 66.0 33.0 45.0 67.0 102.0 108.0 26.0 83.0 15.0 65.0 43.0 5.0 40.0 21.0 55.0 19.0 11.0 53.0 33.0 26.0 33.0 34.0 48.0 28.0 30.0 70.0 0.0 48.0 61.0 71.0 12.0 62.0 54.0 49.0 33.0 46.0 55.0 19.0 61.0 82.0 91.0 45.0 84.0 64.0 57.0 64.0 43.0 57.0 79.0 68.0 80.0 79.0 35.0 36.0 77.0 82.0 48.0 0.0 40.0 81.0 38.0 93.0 42.0 94.0 57.0 86.0 57.0 64.0 76.0 55.0 98.0 56.0 100.0 66.0 27.0 79.0 63.0 28.0 91.0 67.0 89.0 95.0 13.0 34.0 82.0 52.0 61.0 40.0 0.0 49.0 51.0 74.0 10.0 91.0 85.0 106.0 27.0 79.0 82.0 13.0 89.0 68.0 102.0 61.0 25.0 85.0 79.0 25.0 89.0 57.0 84.0 96.0 48.0 52.0 73.0 4.0 71.0 81.0 49.0 0.0 67.0 37.0 43.0 70.0 104.0 110.0 25.0 85.0 26.0 63.0 54.0 8.0 51.0 28.0 48.0 30.0 14.0 46.0 44.0 32.0 44.0 45.0 38.0 19.0 40.0 66.0 12.0 38.0 51.0 67.0 0.0 64.0 45.0 57.0 38.0 56.0 48.0 30.0 67.0 25.0 62.0 61.0 80.0 44.0 48.0 69.0 73.0 47.0 67.0 39.0 60.0 75.0 66.0 58.0 50.0 33.0 62.0 93.0 74.0 37.0 64.0 0.0 65.0 39.0 94.0 89.0 48.0 69.0 69.0 47.0 90.0 50.0 93.0 58.0 19.0 72.0 57.0 20.0 84.0 58.0 81.0 87.0 8.0 27.0 73.0 45.0 54.0 42.0 10.0 43.0 45.0 65.0 0.0 82.0 81.0 99.0 19.0 72.0 44.0 58.0 25.0 50.0 47.0 30.0 70.0 44.0 58.0 68.0 35.0 26.0 28.0 44.0 79.0 62.0 21.0 67.0 49.0 94.0 91.0 70.0 57.0 39.0 82.0 0.0 71.0 56.0 70.0 44.0 28.0 98.0 54.0 36.0 35.0 50.0 85.0 27.0 25.0 84.0 40.0 56.0 45.0 33.0 73.0 56.0 50.0 102.0 33.0 57.0 85.0 104.0 38.0 94.0 81.0 71.0 0.0 34.0 85.0 27.0 31.0 101.0 32.0 50.0 10.0 49.0 98.0 28.0 45.0 96.0 23.0 54.0 29.0 14.0 93.0 73.0 40.0 108.0 46.0 86.0 106.0 110.0 56.0 89.0 99.0 56.0 34.0 0.0 98.0 28.0 68.0 29.0 83.0 51.0 91.0 52.0 0.0 71.0 61.0 3.0 80.0 50.0 76.0 85.0 23.0 30.0 66.0 26.0 55.0 57.0 27.0 25.0 48.0 48.0 19.0 70.0 85.0 98.0 0.0 71.0 4.0 77.0 30.0 23.0 22.0 25.0 71.0 0.0 22.0 69.0 16.0 31.0 20.0 16.0 66.0 46.0 23.0 83.0 19.0 64.0 79.0 85.0 30.0 69.0 72.0 44.0 27.0 28.0 71.0 0.0 
6 8 2 1 
73 28 5 55 60 0 66 46 82 5 51 31 25 75 75 25 78 46 26 73 70 10 45 30 63 10 79 10 46 84 53 65 54 16 2 63 68 42 80 88 41 96 2 67 67 53 7 31 39 87 36 6 100 35 91 3 25 75 75 25 