2 20 2 2 3 233 125 465 250 5 21
26 44 21 31 
2 2 0 2 3 5 3 4 0 5 4 1 3 0 0 4 0 4 0 3 4 0 1 2 5 0 3 2 0 5 5 3 2 1 5 0 0 1 1 5 
0 0 0 0 0 1 0 0 0 1 
1 1 1 1 1 1 1 1 1 1 1 1 1 1 1 1 1 1 1 1 1 1 1 1 1 1 1 1 1 1 1 1 1 1 1 1 1 1 1 1 1 1 1 1 1 1 1 1 1 1 1 1 1 1 1 1 1 1 1 1 1 1 1 1 1 1 1 1 1 1 1 1 1 1 1 1 1 1 1 1 1 1 1 1 1 1 1 1 1 1 1 1 1 1 1 1 1 1 1 1 
4 5 5 5 0 0 1 2 1 2 2 5 4 5 5 5 0 0 2 3 4 5 4 5 5 5 0 0 0 0 4 5 0 0 5 5 0 0 1 2 3 4 0 0 2 3 4 5 3 4 0 0 5 5 3 4 0 0 2 3 4 5 2 3 2 4 3 4 4 5 0 0 0 0 1 2 2 4 3 4 
5 2 
0.0 27.0 34.0 53.0 28.0 83.0 59.0 59.0 8.0 55.0 55.0 26.0 56.0 22.0 18.0 42.0 33.0 10.0 32.0 85.0 42.0 49.0 76.0 13.0 34.0 53.0 27.0 0.0 58.0 67.0 1.0 109.0 85.0 86.0 34.0 82.0 81.0 41.0 74.0 33.0 41.0 66.0 38.0 36.0 53.0 109.0 41.0 74.0 101.0 15.0 58.0 67.0 34.0 58.0 0.0 71.0 59.0 65.0 42.0 41.0 26.0 33.0 43.0 51.0 66.0 30.0 18.0 10.0 63.0 31.0 47.0 75.0 73.0 20.0 66.0 44.0 0.0 71.0 53.0 67.0 71.0 0.0 67.0 73.0 59.0 61.0 56.0 64.0 52.0 28.0 15.0 75.0 63.0 73.0 31.0 47.0 25.0 61.0 34.0 72.0 57.0 59.0 71.0 0.0 28.0 1.0 59.0 67.0 0.0 110.0 86.0 86.0 34.0 82.0 82.0 41.0 74.0 34.0 42.0 67.0 38.0 37.0 53.0 110.0 41.0 75.0 101.0 16.0 59.0 67.0 83.0 109.0 65.0 73.0 110.0 0.0 25.0 26.0 78.0 32.0 29.0 78.0 59.0 92.0 75.0 58.0 91.0 74.0 64.0 21.0 100.0 48.0 19.0 95.0 65.0 73.0 59.0 85.0 42.0 59.0 86.0 25.0 0.0 3.0 54.0 11.0 8.0 56.0 47.0 68.0 51.0 36.0 70.0 50.0 43.0 34.0 80.0 27.0 25.0 71.0 42.0 59.0 59.0 86.0 41.0 61.0 86.0 26.0 3.0 0.0 54.0 9.0 10.0 58.0 49.0 67.0 50.0 34.0 72.0 50.0 45.0 36.0 81.0 25.0 27.0 71.0 41.0 61.0 8.0 34.0 26.0 56.0 34.0 78.0 54.0 54.0 0.0 49.0 50.0 30.0 56.0 20.0 10.0 34.0 40.0 9.0 33.0 81.0 49.0 41.0 72.0 19.0 26.0 56.0 55.0 82.0 33.0 64.0 82.0 32.0 11.0 9.0 49.0 0.0 15.0 57.0 53.0 61.0 45.0 26.0 71.0 47.0 46.0 44.0 81.0 17.0 35.0 67.0 33.0 64.0 55.0 81.0 43.0 52.0 82.0 29.0 8.0 10.0 50.0 15.0 0.0 50.0 40.0 66.0 49.0 37.0 64.0 46.0 37.0 33.0 73.0 30.0 24.0 67.0 43.0 52.0 26.0 41.0 51.0 28.0 41.0 78.0 56.0 58.0 30.0 57.0 50.0 0.0 34.0 48.0 39.0 55.0 15.0 22.0 15.0 73.0 25.0 58.0 65.0 32.0 51.0 28.0 56.0 74.0 66.0 15.0 74.0 59.0 47.0 49.0 56.0 53.0 40.0 34.0 0.0 76.0 62.0 66.0 42.0 48.0 24.0 47.0 47.0 63.0 42.0 64.0 66.0 15.0 22.0 33.0 30.0 75.0 34.0 92.0 68.0 67.0 20.0 61.0 66.0 48.0 76.0 0.0 18.0 40.0 54.0 28.0 53.0 98.0 62.0 49.0 89.0 23.0 30.0 75.0 18.0 41.0 18.0 63.0 42.0 75.0 51.0 50.0 10.0 45.0 49.0 39.0 62.0 18.0 0.0 26.0 49.0 17.0 39.0 81.0 58.0 35.0 72.0 27.0 18.0 63.0 42.0 66.0 10.0 73.0 67.0 58.0 36.0 34.0 34.0 26.0 37.0 55.0 66.0 40.0 26.0 0.0 68.0 37.0 49.0 69.0 78.0 11.0 60.0 52.0 10.0 73.0 33.0 38.0 63.0 31.0 38.0 91.0 70.0 72.0 40.0 71.0 64.0 15.0 42.0 54.0 49.0 68.0 0.0 33.0 28.0 84.0 11.0 72.0 77.0 34.0 63.0 31.0 10.0 36.0 31.0 47.0 37.0 74.0 50.0 50.0 9.0 47.0 46.0 22.0 48.0 28.0 17.0 37.0 33.0 0.0 25.0 75.0 43.0 42.0 66.0 22.0 31.0 47.0 32.0 53.0 47.0 25.0 53.0 64.0 43.0 45.0 33.0 46.0 37.0 15.0 24.0 53.0 39.0 49.0 28.0 25.0 0.0 58.0 37.0 50.0 51.0 41.0 47.0 25.0 85.0 109.0 75.0 61.0 110.0 21.0 34.0 36.0 81.0 44.0 33.0 73.0 47.0 98.0 81.0 69.0 84.0 75.0 58.0 0.0 92.0 60.0 10.0 96.0 75.0 61.0 42.0 41.0 73.0 34.0 41.0 100.0 80.0 81.0 49.0 81.0 73.0 25.0 47.0 62.0 58.0 78.0 11.0 43.0 37.0 92.0 0.0 82.0 85.0 40.0 73.0 34.0 49.0 74.0 20.0 72.0 75.0 48.0 27.0 25.0 41.0 17.0 30.0 58.0 63.0 49.0 35.0 11.0 72.0 42.0 50.0 60.0 82.0 0.0 51.0 60.0 20.0 72.0 76.0 101.0 66.0 57.0 101.0 19.0 25.0 27.0 72.0 35.0 24.0 65.0 42.0 89.0 72.0 60.0 77.0 66.0 51.0 10.0 85.0 51.0 0.0 87.0 66.0 57.0 13.0 15.0 44.0 59.0 16.0 95.0 71.0 71.0 19.0 67.0 67.0 32.0 64.0 23.0 27.0 52.0 34.0 22.0 41.0 96.0 40.0 60.0 87.0 0.0 44.0 59.0 34.0 58.0 0.0 71.0 59.0 65.0 42.0 41.0 26.0 33.0 43.0 51.0 66.0 30.0 18.0 10.0 63.0 31.0 47.0 75.0 73.0 20.0 66.0 44.0 0.0 71.0 53.0 67.0 71.0 0.0 67.0 73.0 59.0 61.0 56.0 64.0 52.0 28.0 15.0 75.0 63.0 73.0 31.0 47.0 25.0 61.0 34.0 72.0 57.0 59.0 71.0 0.0 
14 12 
25 41 9 20 25 75 75 25 9 19 86 97 66 83 64 85 25 49 56 86 67 76 48 30 80 39 6 52 22 58 31 82 46 16 33 46 57 41 99 81 47 6 40 87 90 79 17 32 25 75 75 25 