2 20 2 2 3 136 125 272 250 5 21
19 35 17 46 
0 5 1 0 0 5 5 1 1 0 0 5 0 2 3 1 2 2 5 2 2 0 0 4 0 4 1 0 0 2 0 4 4 5 5 0 2 0 0 4 
0 0 1 1 0 1 0 0 1 1 
1 1 1 1 1 1 1 1 1 1 1 1 1 1 1 1 1 1 1 1 1 1 1 1 1 1 1 1 1 1 1 1 1 1 1 1 1 1 1 1 1 1 1 1 1 1 1 1 1 1 1 1 1 1 1 1 1 1 1 1 1 1 1 1 1 1 1 1 1 1 1 1 1 1 1 1 1 1 1 1 1 1 1 1 1 1 1 1 1 1 1 1 1 1 1 1 1 1 1 1 
0 0 2 3 3 4 0 0 0 0 2 3 5 5 5 5 3 4 0 0 0 0 1 3 0 0 5 5 2 3 4 5 4 5 2 5 5 5 2 2 2 4 0 0 0 0 3 3 0 0 5 5 1 2 0 0 0 0 3 4 0 0 1 5 3 5 3 5 5 5 0 0 5 5 0 0 0 0 4 5 
2 1 
0.0 28.0 12.0 63.0 66.0 31.0 65.0 5.0 25.0 13.0 49.0 62.0 72.0 88.0 68.0 48.0 66.0 28.0 52.0 36.0 21.0 68.0 21.0 20.0 12.0 63.0 28.0 0.0 39.0 61.0 39.0 33.0 64.0 27.0 27.0 39.0 70.0 34.0 65.0 86.0 61.0 73.0 38.0 52.0 40.0 50.0 39.0 81.0 18.0 45.0 39.0 61.0 12.0 39.0 0.0 71.0 76.0 40.0 72.0 15.0 28.0 3.0 49.0 72.0 81.0 95.0 77.0 44.0 76.0 26.0 63.0 40.0 17.0 70.0 28.0 10.0 0.0 71.0 63.0 61.0 71.0 0.0 78.0 33.0 5.0 58.0 81.0 73.0 53.0 69.0 13.0 26.0 11.0 66.0 74.0 58.0 26.0 37.0 84.0 42.0 74.0 80.0 71.0 0.0 66.0 39.0 76.0 78.0 0.0 62.0 82.0 65.0 58.0 77.0 104.0 9.0 76.0 98.0 73.0 109.0 5.0 89.0 52.0 83.0 74.0 110.0 52.0 82.0 76.0 78.0 31.0 33.0 40.0 33.0 62.0 0.0 35.0 26.0 50.0 42.0 43.0 55.0 42.0 58.0 37.0 51.0 60.0 35.0 26.0 21.0 52.0 49.0 42.0 49.0 40.0 33.0 65.0 64.0 72.0 5.0 82.0 35.0 0.0 60.0 84.0 74.0 50.0 74.0 16.0 24.0 15.0 64.0 79.0 57.0 31.0 36.0 85.0 37.0 76.0 81.0 72.0 5.0 5.0 27.0 15.0 58.0 65.0 26.0 60.0 0.0 29.0 17.0 46.0 60.0 67.0 83.0 63.0 47.0 65.0 26.0 48.0 32.0 26.0 64.0 24.0 24.0 15.0 58.0 25.0 27.0 28.0 81.0 58.0 50.0 84.0 29.0 0.0 27.0 74.0 56.0 88.0 107.0 84.0 71.0 59.0 51.0 64.0 60.0 18.0 92.0 9.0 28.0 28.0 81.0 13.0 39.0 3.0 73.0 77.0 42.0 74.0 17.0 27.0 0.0 51.0 73.0 83.0 97.0 79.0 46.0 77.0 28.0 64.0 42.0 14.0 72.0 27.0 8.0 3.0 73.0 49.0 70.0 49.0 53.0 104.0 43.0 50.0 46.0 74.0 51.0 0.0 97.0 65.0 67.0 63.0 15.0 102.0 23.0 64.0 22.0 65.0 25.0 69.0 55.0 49.0 53.0 62.0 34.0 72.0 69.0 9.0 55.0 74.0 60.0 56.0 73.0 97.0 0.0 68.0 90.0 64.0 103.0 5.0 83.0 44.0 75.0 71.0 102.0 50.0 78.0 72.0 69.0 72.0 65.0 81.0 13.0 76.0 42.0 16.0 67.0 88.0 83.0 65.0 68.0 0.0 23.0 5.0 78.0 72.0 70.0 27.0 49.0 92.0 52.0 80.0 90.0 81.0 13.0 88.0 86.0 95.0 26.0 98.0 58.0 24.0 83.0 107.0 97.0 67.0 90.0 23.0 0.0 26.0 82.0 94.0 79.0 49.0 58.0 108.0 48.0 99.0 104.0 95.0 26.0 68.0 61.0 77.0 11.0 73.0 37.0 15.0 63.0 84.0 79.0 63.0 64.0 5.0 26.0 0.0 76.0 69.0 66.0 23.0 46.0 88.0 52.0 75.0 86.0 77.0 11.0 48.0 73.0 44.0 66.0 109.0 51.0 64.0 47.0 71.0 46.0 15.0 103.0 78.0 82.0 76.0 0.0 108.0 21.0 74.0 32.0 59.0 39.0 69.0 48.0 44.0 66.0 66.0 38.0 76.0 74.0 5.0 60.0 79.0 65.0 59.0 77.0 102.0 5.0 72.0 94.0 69.0 108.0 0.0 88.0 48.0 80.0 75.0 107.0 53.0 82.0 76.0 74.0 28.0 52.0 26.0 58.0 89.0 35.0 57.0 26.0 51.0 28.0 23.0 83.0 70.0 79.0 66.0 21.0 88.0 0.0 59.0 22.0 42.0 46.0 48.0 32.0 26.0 58.0 52.0 40.0 63.0 26.0 52.0 26.0 31.0 48.0 64.0 64.0 64.0 44.0 27.0 49.0 23.0 74.0 48.0 59.0 0.0 43.0 72.0 62.0 56.0 72.0 63.0 26.0 36.0 50.0 40.0 37.0 83.0 21.0 36.0 32.0 60.0 42.0 22.0 75.0 49.0 58.0 46.0 32.0 80.0 22.0 43.0 0.0 55.0 33.0 54.0 48.0 40.0 37.0 21.0 39.0 17.0 84.0 74.0 52.0 85.0 26.0 18.0 14.0 65.0 71.0 92.0 108.0 88.0 59.0 75.0 42.0 72.0 55.0 0.0 86.0 23.0 12.0 17.0 84.0 68.0 81.0 70.0 42.0 110.0 49.0 37.0 64.0 92.0 72.0 25.0 102.0 52.0 48.0 52.0 39.0 107.0 46.0 62.0 33.0 86.0 0.0 86.0 77.0 70.0 42.0 21.0 18.0 28.0 74.0 52.0 42.0 76.0 24.0 9.0 27.0 69.0 50.0 80.0 99.0 75.0 69.0 53.0 48.0 56.0 54.0 23.0 86.0 0.0 31.0 28.0 74.0 20.0 45.0 10.0 80.0 82.0 49.0 81.0 24.0 28.0 8.0 55.0 78.0 90.0 104.0 86.0 48.0 82.0 32.0 72.0 48.0 12.0 77.0 31.0 0.0 10.0 80.0 12.0 39.0 0.0 71.0 76.0 40.0 72.0 15.0 28.0 3.0 49.0 72.0 81.0 95.0 77.0 44.0 76.0 26.0 63.0 40.0 17.0 70.0 28.0 10.0 0.0 71.0 63.0 61.0 71.0 0.0 78.0 33.0 5.0 58.0 81.0 73.0 53.0 69.0 13.0 26.0 11.0 66.0 74.0 58.0 26.0 37.0 84.0 42.0 74.0 80.0 71.0 0.0 
10 8 
26 64 16 38 25 75 75 25 1 3 48 43 79 28 30 61 2 60 23 76 73 77 9 5 76 13 98 15 72 15 66 90 5 2 50 77 50 18 61 59 9 76 93 62 8 54 19 82 25 75 75 25 