2 20 2 2 3 161 125 321 250 5 21
20 20 19 20 
3 0 3 0 2 4 1 3 5 3 0 5 0 2 0 5 0 4 3 0 1 0 1 0 3 0 5 0 0 1 3 0 5 0 0 1 1 5 0 4 
1 1 1 1 1 0 0 0 0 1 
1 1 1 1 1 1 1 1 1 1 1 1 1 1 1 1 1 1 1 1 1 1 1 1 1 1 1 1 1 1 1 1 1 1 1 1 1 1 1 1 1 1 1 1 1 1 1 1 1 1 1 1 1 1 1 1 1 1 1 1 1 1 1 1 1 1 1 1 1 1 1 1 1 1 1 1 1 1 1 1 1 1 1 1 1 1 1 1 1 1 1 1 1 1 1 1 1 1 1 1 
5 5 0 0 1 3 0 0 3 4 5 5 2 3 1 4 3 3 3 4 0 0 4 5 0 0 4 5 0 0 3 4 0 0 3 3 1 2 0 0 1 1 0 0 4 5 0 0 1 1 0 0 2 3 0 0 0 0 4 5 1 3 0 0 1 2 0 0 0 0 4 4 1 5 5 5 0 0 1 5 
2 4 
0.0 44.0 46.0 51.0 34.0 59.0 64.0 19.0 52.0 71.0 61.0 44.0 66.0 42.0 25.0 15.0 7.0 30.0 68.0 49.0 23.0 17.0 63.0 46.0 46.0 51.0 44.0 0.0 53.0 21.0 34.0 17.0 24.0 48.0 67.0 80.0 68.0 11.0 73.0 33.0 32.0 49.0 44.0 39.0 56.0 57.0 66.0 35.0 31.0 21.0 53.0 21.0 46.0 53.0 0.0 71.0 20.0 67.0 75.0 65.0 16.0 29.0 17.0 61.0 22.0 74.0 62.0 61.0 41.0 19.0 27.0 5.0 58.0 57.0 83.0 35.0 0.0 71.0 51.0 21.0 71.0 0.0 52.0 18.0 17.0 47.0 84.0 99.0 87.0 11.0 93.0 20.0 29.0 50.0 53.0 55.0 76.0 75.0 72.0 36.0 13.0 41.0 71.0 0.0 34.0 34.0 20.0 52.0 0.0 49.0 57.0 50.0 33.0 48.0 36.0 42.0 41.0 56.0 44.0 47.0 29.0 7.0 35.0 24.0 51.0 40.0 64.0 21.0 20.0 52.0 59.0 17.0 67.0 18.0 49.0 0.0 9.0 60.0 81.0 93.0 81.0 17.0 87.0 37.0 42.0 61.0 60.0 54.0 66.0 71.0 81.0 47.0 21.0 33.0 67.0 18.0 64.0 24.0 75.0 17.0 57.0 9.0 0.0 62.0 90.0 102.0 90.0 21.0 95.0 36.0 45.0 65.0 65.0 62.0 74.0 80.0 85.0 50.0 15.0 41.0 75.0 17.0 19.0 48.0 65.0 47.0 50.0 60.0 62.0 0.0 71.0 90.0 80.0 44.0 84.0 31.0 18.0 6.0 26.0 47.0 85.0 67.0 30.0 14.0 57.0 57.0 65.0 47.0 52.0 67.0 16.0 84.0 33.0 81.0 90.0 71.0 0.0 21.0 14.0 74.0 16.0 85.0 71.0 66.0 45.0 29.0 38.0 12.0 57.0 65.0 96.0 50.0 16.0 84.0 71.0 80.0 29.0 99.0 48.0 93.0 102.0 90.0 21.0 0.0 13.0 88.0 7.0 102.0 89.0 85.0 65.0 46.0 36.0 25.0 77.0 84.0 110.0 61.0 29.0 99.0 61.0 68.0 17.0 87.0 36.0 81.0 90.0 80.0 14.0 13.0 0.0 76.0 6.0 91.0 78.0 75.0 55.0 35.0 28.0 13.0 69.0 72.0 98.0 49.0 17.0 87.0 44.0 11.0 61.0 11.0 42.0 17.0 21.0 44.0 74.0 88.0 76.0 0.0 82.0 23.0 26.0 45.0 46.0 45.0 66.0 65.0 65.0 31.0 23.0 31.0 61.0 11.0 66.0 73.0 22.0 93.0 41.0 87.0 95.0 84.0 16.0 7.0 6.0 82.0 0.0 96.0 83.0 80.0 59.0 40.0 32.0 18.0 72.0 77.0 104.0 55.0 22.0 93.0 42.0 33.0 74.0 20.0 56.0 37.0 36.0 31.0 85.0 102.0 91.0 23.0 96.0 0.0 17.0 36.0 46.0 57.0 85.0 78.0 60.0 25.0 27.0 51.0 74.0 20.0 25.0 32.0 62.0 29.0 44.0 42.0 45.0 18.0 71.0 89.0 78.0 26.0 83.0 17.0 0.0 21.0 30.0 44.0 77.0 65.0 44.0 8.0 41.0 45.0 62.0 29.0 15.0 49.0 61.0 50.0 47.0 61.0 65.0 6.0 66.0 85.0 75.0 45.0 80.0 36.0 21.0 0.0 21.0 44.0 81.0 63.0 25.0 15.0 61.0 55.0 61.0 50.0 7.0 44.0 41.0 53.0 29.0 60.0 65.0 26.0 45.0 65.0 55.0 46.0 59.0 46.0 30.0 21.0 0.0 25.0 63.0 43.0 24.0 23.0 66.0 43.0 41.0 53.0 30.0 39.0 19.0 55.0 7.0 54.0 62.0 47.0 29.0 46.0 35.0 45.0 40.0 57.0 44.0 44.0 25.0 0.0 39.0 22.0 45.0 39.0 68.0 27.0 19.0 55.0 68.0 56.0 27.0 76.0 35.0 66.0 74.0 85.0 38.0 36.0 28.0 66.0 32.0 85.0 77.0 81.0 63.0 39.0 0.0 29.0 83.0 74.0 85.0 36.0 27.0 76.0 49.0 57.0 5.0 75.0 24.0 71.0 80.0 67.0 12.0 25.0 13.0 65.0 18.0 78.0 65.0 63.0 43.0 22.0 29.0 0.0 58.0 60.0 87.0 40.0 5.0 75.0 23.0 66.0 58.0 72.0 51.0 81.0 85.0 30.0 57.0 77.0 69.0 65.0 72.0 60.0 44.0 25.0 24.0 45.0 83.0 58.0 0.0 37.0 84.0 66.0 58.0 72.0 17.0 35.0 57.0 36.0 40.0 47.0 50.0 14.0 65.0 84.0 72.0 31.0 77.0 25.0 8.0 15.0 23.0 39.0 74.0 60.0 37.0 0.0 47.0 44.0 57.0 36.0 63.0 31.0 83.0 13.0 64.0 21.0 15.0 57.0 96.0 110.0 98.0 23.0 104.0 27.0 41.0 61.0 66.0 68.0 85.0 87.0 84.0 47.0 0.0 50.0 83.0 13.0 46.0 21.0 35.0 41.0 21.0 33.0 41.0 57.0 50.0 61.0 49.0 31.0 55.0 51.0 45.0 55.0 43.0 27.0 36.0 40.0 66.0 44.0 50.0 0.0 35.0 41.0 46.0 53.0 0.0 71.0 20.0 67.0 75.0 65.0 16.0 29.0 17.0 61.0 22.0 74.0 62.0 61.0 41.0 19.0 27.0 5.0 58.0 57.0 83.0 35.0 0.0 71.0 51.0 21.0 71.0 0.0 52.0 18.0 17.0 47.0 84.0 99.0 87.0 11.0 93.0 20.0 29.0 50.0 53.0 55.0 76.0 75.0 72.0 36.0 13.0 41.0 71.0 0.0 
13 9 
25 29 66 43 25 75 75 25 37 60 82 41 88 35 31 11 10 78 9 98 17 89 68 33 13 93 62 11 47 18 27 15 23 35 31 58 44 94 21 77 4 22 40 21 87 21 57 61 25 75 75 25 