2 20 2 2 3 139 125 278 250 5 21
22 18 31 19 
2 0 5 1 0 3 4 0 3 0 1 0 0 5 2 5 0 3 4 2 0 3 0 3 1 0 3 0 1 0 3 5 0 2 0 1 1 0 3 0 
0 0 1 0 0 0 0 0 1 1 
1 1 1 1 1 1 1 1 1 1 1 1 1 1 1 1 1 1 1 1 1 1 1 1 1 1 1 1 1 1 1 1 1 1 1 1 1 1 1 1 1 1 1 1 1 1 1 1 1 1 1 1 1 1 1 1 1 1 1 1 1 1 1 1 1 1 1 1 1 1 1 1 1 1 1 1 1 1 1 1 1 1 1 1 1 1 1 1 1 1 1 1 1 1 1 1 1 1 1 1 
1 5 0 0 1 5 1 2 0 0 2 5 5 5 0 0 3 5 0 0 4 5 0 0 0 0 1 2 4 4 5 5 0 0 5 5 3 3 4 5 0 0 2 3 0 0 1 5 4 5 0 0 2 5 0 0 3 5 0 0 5 5 4 5 0 0 2 4 0 0 3 4 1 3 0 0 5 5 0 0 
2 5 
0.0 59.0 66.0 45.0 32.0 11.0 58.0 53.0 27.0 93.0 16.0 56.0 90.0 27.0 57.0 41.0 57.0 76.0 72.0 96.0 9.0 19.0 56.0 53.0 66.0 45.0 59.0 0.0 87.0 18.0 35.0 63.0 12.0 74.0 85.0 83.0 62.0 5.0 56.0 76.0 69.0 84.0 17.0 53.0 91.0 122.0 67.0 57.0 12.0 16.0 87.0 18.0 66.0 87.0 0.0 71.0 57.0 56.0 77.0 15.0 63.0 45.0 51.0 82.0 71.0 46.0 19.0 35.0 97.0 55.0 6.0 36.0 66.0 49.0 92.0 93.0 0.0 71.0 45.0 18.0 71.0 0.0 18.0 47.0 13.0 58.0 69.0 73.0 45.0 13.0 53.0 60.0 54.0 67.0 27.0 46.0 76.0 107.0 53.0 41.0 22.0 23.0 71.0 0.0 32.0 35.0 57.0 18.0 0.0 31.0 30.0 43.0 53.0 69.0 29.0 30.0 59.0 43.0 41.0 50.0 41.0 47.0 62.0 92.0 39.0 24.0 37.0 37.0 57.0 18.0 11.0 63.0 56.0 47.0 31.0 0.0 59.0 43.0 23.0 85.0 6.0 59.0 86.0 17.0 48.0 30.0 63.0 71.0 62.0 86.0 12.0 10.0 61.0 58.0 56.0 47.0 58.0 12.0 77.0 13.0 30.0 59.0 0.0 65.0 82.0 71.0 58.0 8.0 45.0 71.0 59.0 78.0 28.0 41.0 81.0 112.0 66.0 53.0 23.0 26.0 77.0 13.0 53.0 74.0 15.0 58.0 43.0 43.0 65.0 0.0 53.0 49.0 38.0 69.0 66.0 36.0 11.0 27.0 83.0 49.0 20.0 50.0 54.0 35.0 79.0 79.0 15.0 58.0 27.0 85.0 63.0 69.0 53.0 23.0 82.0 53.0 0.0 100.0 26.0 81.0 106.0 18.0 62.0 30.0 83.0 91.0 69.0 86.0 19.0 31.0 82.0 79.0 63.0 69.0 93.0 83.0 45.0 73.0 69.0 85.0 71.0 49.0 100.0 0.0 80.0 79.0 39.0 83.0 39.0 75.0 98.0 31.0 43.0 65.0 97.0 75.0 93.0 95.0 45.0 73.0 16.0 62.0 51.0 45.0 29.0 6.0 58.0 38.0 26.0 80.0 0.0 58.0 82.0 15.0 43.0 27.0 63.0 67.0 57.0 81.0 17.0 6.0 61.0 59.0 51.0 45.0 56.0 5.0 82.0 13.0 30.0 59.0 8.0 69.0 81.0 79.0 58.0 0.0 53.0 72.0 64.0 80.0 20.0 49.0 86.0 117.0 64.0 53.0 15.0 18.0 82.0 13.0 90.0 56.0 71.0 53.0 59.0 86.0 45.0 66.0 106.0 39.0 82.0 53.0 0.0 91.0 55.0 90.0 72.0 17.0 71.0 99.0 96.0 76.0 67.0 70.0 71.0 53.0 27.0 76.0 46.0 60.0 43.0 17.0 71.0 36.0 18.0 83.0 15.0 72.0 91.0 0.0 44.0 15.0 78.0 75.0 52.0 72.0 23.0 20.0 76.0 74.0 46.0 60.0 57.0 69.0 19.0 54.0 41.0 48.0 59.0 11.0 62.0 39.0 43.0 64.0 55.0 44.0 0.0 38.0 80.0 39.0 22.0 54.0 60.0 39.0 75.0 76.0 19.0 54.0 41.0 84.0 35.0 67.0 50.0 30.0 78.0 27.0 30.0 75.0 27.0 80.0 90.0 15.0 38.0 0.0 89.0 73.0 40.0 58.0 38.0 29.0 85.0 84.0 35.0 67.0 57.0 17.0 97.0 27.0 41.0 63.0 28.0 83.0 83.0 98.0 63.0 20.0 72.0 78.0 80.0 89.0 0.0 68.0 101.0 132.0 65.0 60.0 6.0 5.0 97.0 27.0 76.0 53.0 55.0 46.0 47.0 71.0 41.0 49.0 91.0 31.0 67.0 49.0 17.0 75.0 39.0 73.0 68.0 0.0 56.0 85.0 82.0 61.0 63.0 66.0 55.0 46.0 72.0 91.0 6.0 76.0 62.0 62.0 81.0 20.0 69.0 43.0 57.0 86.0 71.0 52.0 22.0 40.0 101.0 56.0 0.0 32.0 72.0 54.0 97.0 97.0 6.0 76.0 96.0 122.0 36.0 107.0 92.0 86.0 112.0 50.0 86.0 65.0 81.0 117.0 99.0 72.0 54.0 58.0 132.0 85.0 32.0 0.0 95.0 81.0 128.0 128.0 36.0 107.0 9.0 67.0 66.0 53.0 39.0 12.0 66.0 54.0 19.0 97.0 17.0 64.0 96.0 23.0 60.0 38.0 65.0 82.0 72.0 95.0 0.0 22.0 64.0 61.0 66.0 53.0 19.0 57.0 49.0 41.0 24.0 10.0 53.0 35.0 31.0 75.0 6.0 53.0 76.0 20.0 39.0 29.0 60.0 61.0 54.0 81.0 22.0 0.0 57.0 56.0 49.0 41.0 56.0 12.0 92.0 22.0 37.0 61.0 23.0 79.0 82.0 93.0 61.0 15.0 67.0 76.0 75.0 85.0 6.0 63.0 97.0 128.0 64.0 57.0 0.0 5.0 92.0 22.0 53.0 16.0 93.0 23.0 37.0 58.0 26.0 79.0 79.0 95.0 59.0 18.0 70.0 74.0 76.0 84.0 5.0 66.0 97.0 128.0 61.0 56.0 5.0 0.0 93.0 23.0 66.0 87.0 0.0 71.0 57.0 56.0 77.0 15.0 63.0 45.0 51.0 82.0 71.0 46.0 19.0 35.0 97.0 55.0 6.0 36.0 66.0 49.0 92.0 93.0 0.0 71.0 45.0 18.0 71.0 0.0 18.0 47.0 13.0 58.0 69.0 73.0 45.0 13.0 53.0 60.0 54.0 67.0 27.0 46.0 76.0 107.0 53.0 41.0 22.0 23.0 71.0 0.0 
14 7 
90 67 81 9 25 75 75 25 71 42 80 71 70 13 38 69 85 93 3 36 75 70 78 13 26 5 70 84 34 59 56 89 97 11 30 21 19 75 0 100 91 75 72 65 92 12 95 15 25 75 75 25 