2 20 2 2 3 116 125 232 250 5 21
30 32 40 23 
0 2 3 0 5 5 4 4 5 0 0 3 2 0 0 1 3 0 0 4 5 5 0 3 2 0 2 3 3 2 0 1 2 0 3 4 5 0 1 4 
1 1 1 1 1 1 0 1 0 1 
1 1 1 1 1 1 1 1 1 1 1 1 1 1 1 1 1 1 1 1 1 1 1 1 1 1 1 1 1 1 1 1 1 1 1 1 1 1 1 1 1 1 1 1 1 1 1 1 1 1 1 1 1 1 1 1 1 1 1 1 1 1 1 1 1 1 1 1 1 1 1 1 1 1 1 1 1 1 1 1 1 1 1 1 1 1 1 1 1 1 1 1 1 1 1 1 1 1 1 1 
0 0 3 4 5 5 0 0 4 4 4 5 1 5 5 5 5 5 0 0 0 0 3 4 3 4 0 0 0 0 1 3 2 2 0 0 0 0 3 4 1 3 4 5 0 0 1 3 4 5 0 0 3 4 1 2 1 1 5 5 0 0 3 4 2 5 0 0 5 5 3 4 5 5 0 0 1 2 2 5 
4 2 
0.0 96.0 80.0 21.0 38.0 62.0 91.0 96.0 19.0 75.0 61.0 41.0 68.0 39.0 53.0 60.0 45.0 59.0 70.0 64.0 86.0 49.0 7.0 59.0 80.0 21.0 96.0 0.0 19.0 85.0 93.0 56.0 70.0 23.0 88.0 50.0 89.0 57.0 68.0 81.0 55.0 46.0 53.0 45.0 39.0 33.0 12.0 89.0 93.0 93.0 19.0 85.0 80.0 19.0 0.0 71.0 75.0 50.0 72.0 21.0 70.0 48.0 71.0 42.0 52.0 70.0 45.0 38.0 35.0 35.0 22.0 19.0 14.0 71.0 77.0 75.0 0.0 71.0 21.0 85.0 71.0 0.0 52.0 44.0 71.0 90.0 32.0 57.0 73.0 29.0 74.0 19.0 35.0 44.0 41.0 44.0 67.0 53.0 75.0 61.0 25.0 71.0 71.0 0.0 38.0 93.0 75.0 52.0 0.0 81.0 113.0 84.0 21.0 91.0 25.0 52.0 39.0 69.0 70.0 73.0 44.0 71.0 56.0 66.0 86.0 12.0 31.0 22.0 75.0 52.0 62.0 56.0 50.0 44.0 81.0 0.0 33.0 71.0 65.0 14.0 93.0 30.0 82.0 31.0 12.0 14.0 44.0 17.0 60.0 34.0 45.0 85.0 63.0 94.0 50.0 44.0 91.0 70.0 72.0 71.0 113.0 33.0 0.0 90.0 96.0 26.0 124.0 62.0 113.0 54.0 44.0 43.0 75.0 46.0 87.0 60.0 62.0 117.0 93.0 126.0 72.0 71.0 96.0 23.0 21.0 90.0 84.0 71.0 90.0 0.0 84.0 67.0 74.0 62.0 53.0 90.0 66.0 58.0 51.0 56.0 29.0 40.0 29.0 78.0 92.0 80.0 21.0 90.0 19.0 88.0 70.0 32.0 21.0 65.0 96.0 84.0 0.0 76.0 44.0 38.0 51.0 49.0 54.0 59.0 36.0 57.0 57.0 57.0 79.0 31.0 12.0 41.0 70.0 32.0 75.0 50.0 48.0 57.0 91.0 14.0 26.0 67.0 76.0 0.0 100.0 39.0 88.0 44.0 23.0 19.0 51.0 22.0 62.0 35.0 40.0 94.0 76.0 102.0 48.0 57.0 61.0 89.0 71.0 73.0 25.0 93.0 124.0 74.0 44.0 100.0 0.0 64.0 23.0 87.0 81.0 82.0 50.0 79.0 50.0 69.0 84.0 14.0 54.0 6.0 71.0 73.0 41.0 57.0 42.0 29.0 52.0 30.0 62.0 62.0 38.0 39.0 64.0 0.0 56.0 31.0 18.0 21.0 17.0 20.0 41.0 24.0 46.0 56.0 40.0 65.0 42.0 29.0 68.0 68.0 52.0 74.0 39.0 82.0 113.0 53.0 51.0 88.0 23.0 56.0 0.0 84.0 72.0 70.0 40.0 67.0 30.0 54.0 65.0 29.0 62.0 28.0 52.0 74.0 39.0 81.0 70.0 19.0 69.0 31.0 54.0 90.0 49.0 44.0 87.0 31.0 84.0 0.0 27.0 36.0 47.0 37.0 71.0 51.0 70.0 76.0 43.0 86.0 70.0 19.0 53.0 55.0 45.0 35.0 70.0 12.0 44.0 66.0 54.0 23.0 81.0 18.0 72.0 27.0 0.0 10.0 33.0 11.0 52.0 27.0 44.0 73.0 53.0 83.0 45.0 35.0 60.0 46.0 38.0 44.0 73.0 14.0 43.0 58.0 59.0 19.0 82.0 21.0 70.0 36.0 10.0 0.0 32.0 4.0 47.0 21.0 35.0 75.0 60.0 84.0 38.0 44.0 45.0 53.0 35.0 41.0 44.0 44.0 75.0 51.0 36.0 51.0 50.0 17.0 40.0 47.0 33.0 32.0 0.0 30.0 26.0 23.0 44.0 44.0 42.0 52.0 35.0 41.0 59.0 45.0 35.0 44.0 71.0 17.0 46.0 56.0 57.0 22.0 79.0 20.0 67.0 37.0 11.0 4.0 30.0 0.0 44.0 17.0 33.0 73.0 59.0 81.0 35.0 44.0 70.0 39.0 22.0 67.0 56.0 60.0 87.0 29.0 57.0 62.0 50.0 41.0 30.0 71.0 52.0 47.0 26.0 44.0 0.0 27.0 36.0 51.0 65.0 54.0 22.0 67.0 64.0 33.0 19.0 53.0 66.0 34.0 60.0 40.0 57.0 35.0 69.0 24.0 54.0 51.0 27.0 21.0 23.0 17.0 27.0 0.0 23.0 65.0 61.0 72.0 19.0 53.0 86.0 12.0 14.0 75.0 86.0 45.0 62.0 29.0 79.0 40.0 84.0 46.0 65.0 70.0 44.0 35.0 44.0 33.0 36.0 23.0 0.0 83.0 84.0 88.0 14.0 75.0 49.0 89.0 71.0 61.0 12.0 85.0 117.0 78.0 31.0 94.0 14.0 56.0 29.0 76.0 73.0 75.0 44.0 73.0 51.0 65.0 83.0 0.0 42.0 11.0 71.0 61.0 7.0 93.0 77.0 25.0 31.0 63.0 93.0 92.0 12.0 76.0 54.0 40.0 62.0 43.0 53.0 60.0 42.0 59.0 65.0 61.0 84.0 42.0 0.0 52.0 77.0 25.0 59.0 93.0 75.0 71.0 22.0 94.0 126.0 80.0 41.0 102.0 6.0 65.0 28.0 86.0 83.0 84.0 52.0 81.0 54.0 72.0 88.0 11.0 52.0 0.0 75.0 71.0 80.0 19.0 0.0 71.0 75.0 50.0 72.0 21.0 70.0 48.0 71.0 42.0 52.0 70.0 45.0 38.0 35.0 35.0 22.0 19.0 14.0 71.0 77.0 75.0 0.0 71.0 21.0 85.0 71.0 0.0 52.0 44.0 71.0 90.0 32.0 57.0 73.0 29.0 74.0 19.0 35.0 44.0 41.0 44.0 67.0 53.0 75.0 61.0 25.0 71.0 71.0 0.0 
1 13 
66 7 24 93 25 75 75 25 29 1 74 68 94 93 5 81 48 9 72 81 5 7 55 46 2 29 85 40 67 59 61 66 39 43 58 65 16 55 41 65 33 86 18 5 59 7 8 2 25 75 75 25 