2 10 1 2 3 67 65 134 125 10 10
15 15 18 12 
1 0 4 5 0 5 3 2 1 0 4 0 3 0 2 1 0 2 1 3 
0 1 0 1 0 1 0 0 1 1 1 1 1 0 0 1 1 1 0 1 
1 1 1 1 1 1 1 1 1 1 1 1 1 1 1 1 1 1 1 1 1 1 1 1 1 1 1 1 1 1 1 1 1 1 1 1 1 1 1 1 1 1 1 1 1 1 1 1 1 1 1 1 1 1 1 1 1 1 1 1 1 1 1 1 1 1 1 1 1 1 1 1 1 1 1 1 1 1 1 1 1 1 1 1 1 1 1 1 1 1 1 1 1 1 1 1 1 1 1 1 
5 9 0 0 7 9 2 7 0 0 10 10 9 10 5 5 5 10 0 0 5 10 0 0 10 10 0 0 2 8 10 10 0 0 5 5 4 4 2 6 
6 9 
0.0 89.0 54.0 48.0 47.0 67.0 43.0 73.0 74.0 67.0 42.0 26.0 5.0 54.0 89.0 0.0 48.0 58.0 62.0 26.0 47.0 97.0 16.0 46.0 60.0 78.0 92.0 48.0 54.0 48.0 0.0 11.0 15.0 23.0 23.0 52.0 39.0 14.0 14.0 34.0 58.0 0.0 48.0 58.0 11.0 0.0 5.0 33.0 26.0 45.0 48.0 20.0 7.0 26.0 53.0 11.0 47.0 62.0 15.0 5.0 0.0 37.0 29.0 41.0 52.0 23.0 8.0 23.0 51.0 15.0 67.0 26.0 23.0 33.0 37.0 0.0 25.0 74.0 17.0 24.0 35.0 53.0 71.0 23.0 43.0 47.0 23.0 26.0 29.0 25.0 0.0 70.0 33.0 34.0 23.0 34.0 47.0 23.0 73.0 97.0 52.0 45.0 41.0 74.0 70.0 0.0 90.0 51.0 48.0 49.0 77.0 52.0 74.0 16.0 39.0 48.0 52.0 17.0 33.0 90.0 0.0 41.0 49.0 65.0 77.0 39.0 67.0 46.0 14.0 20.0 23.0 24.0 34.0 51.0 41.0 0.0 26.0 45.0 71.0 14.0 42.0 60.0 14.0 7.0 8.0 35.0 23.0 48.0 49.0 26.0 0.0 20.0 46.0 14.0 26.0 78.0 34.0 26.0 23.0 53.0 34.0 49.0 65.0 45.0 20.0 0.0 30.0 34.0 5.0 92.0 58.0 53.0 51.0 71.0 47.0 77.0 77.0 71.0 46.0 30.0 0.0 58.0 54.0 48.0 0.0 11.0 15.0 23.0 23.0 52.0 39.0 14.0 14.0 34.0 58.0 0.0 
10 8 
13 89 38 4 50 50 51 60 52 64 42 29 28 49 85 88 30 17 61 43 45 63 37 81 9 91 50 50 