2 10 1 2 3 53 65 106 125 10 10
9 13 8 11 
3 0 0 5 0 3 0 1 2 0 0 1 0 3 0 2 5 0 4 0 
0 0 1 0 0 1 0 0 0 0 0 1 1 0 0 0 0 0 0 0 
1 1 1 1 1 1 1 1 1 1 1 1 1 1 1 1 1 1 1 1 1 1 1 1 1 1 1 1 1 1 1 1 1 1 1 1 1 1 1 1 1 1 1 1 1 1 1 1 1 1 1 1 1 1 1 1 1 1 1 1 1 1 1 1 1 1 1 1 1 1 1 1 1 1 1 1 1 1 1 1 1 1 1 1 1 1 1 1 1 1 1 1 1 1 1 1 1 1 1 1 
2 2 0 0 0 0 5 10 0 0 8 10 0 0 8 8 2 5 0 0 0 0 4 6 0 0 4 6 0 0 10 10 2 8 0 0 6 7 0 0 
3 2 
0.0 55.0 62.0 56.0 107.0 39.0 85.0 8.0 9.0 62.0 97.0 38.0 80.0 62.0 55.0 0.0 44.0 22.0 75.0 17.0 50.0 57.0 50.0 30.0 50.0 20.0 27.0 44.0 62.0 44.0 0.0 23.0 46.0 42.0 28.0 68.0 63.0 17.0 47.0 36.0 47.0 0.0 56.0 22.0 23.0 0.0 57.0 25.0 32.0 61.0 54.0 9.0 41.0 20.0 29.0 23.0 107.0 75.0 46.0 57.0 0.0 81.0 26.0 113.0 108.0 49.0 36.0 76.0 59.0 46.0 39.0 17.0 42.0 25.0 81.0 0.0 57.0 41.0 34.0 33.0 62.0 8.0 42.0 42.0 85.0 50.0 28.0 32.0 26.0 57.0 0.0 90.0 85.0 25.0 23.0 52.0 37.0 28.0 8.0 57.0 68.0 61.0 113.0 41.0 90.0 0.0 7.0 67.0 101.0 41.0 82.0 68.0 9.0 50.0 63.0 54.0 108.0 34.0 85.0 7.0 0.0 61.0 94.0 35.0 75.0 63.0 62.0 30.0 17.0 9.0 49.0 33.0 25.0 67.0 61.0 0.0 37.0 28.0 31.0 17.0 97.0 50.0 47.0 41.0 36.0 62.0 23.0 101.0 94.0 37.0 0.0 60.0 27.0 47.0 38.0 20.0 36.0 20.0 76.0 8.0 52.0 41.0 35.0 28.0 60.0 0.0 42.0 36.0 80.0 27.0 47.0 29.0 59.0 42.0 37.0 82.0 75.0 31.0 27.0 42.0 0.0 47.0 62.0 44.0 0.0 23.0 46.0 42.0 28.0 68.0 63.0 17.0 47.0 36.0 47.0 0.0 
7 11 
3 89 57 93 50 50 56 72 89 26 41 91 77 48 1 96 8 96 59 64 95 61 40 84 82 84 50 50 