2 10 1 2 3 86 65 172 125 10 10
12 12 19 17 
0 4 0 3 3 2 0 1 4 0 5 4 5 0 2 0 0 5 1 0 
0 1 0 1 0 1 1 0 1 1 0 0 1 1 0 1 0 0 1 0 
1 1 1 1 1 1 1 1 1 1 1 1 1 1 1 1 1 1 1 1 1 1 1 1 1 1 1 1 1 1 1 1 1 1 1 1 1 1 1 1 1 1 1 1 1 1 1 1 1 1 1 1 1 1 1 1 1 1 1 1 1 1 1 1 1 1 1 1 1 1 1 1 1 1 1 1 1 1 1 1 1 1 1 1 1 1 1 1 1 1 1 1 1 1 1 1 1 1 1 1 
0 0 1 9 0 0 6 10 2 4 4 10 0 0 9 10 4 8 0 0 7 7 6 10 4 10 0 0 9 10 0 0 0 0 3 5 7 9 0 0 
9 8 
0.0 70.0 20.0 69.0 26.0 23.0 36.0 28.0 39.0 64.0 39.0 58.0 34.0 20.0 70.0 0.0 51.0 10.0 45.0 67.0 47.0 98.0 91.0 16.0 93.0 13.0 58.0 51.0 20.0 51.0 0.0 50.0 8.0 26.0 24.0 47.0 49.0 45.0 50.0 39.0 27.0 0.0 69.0 10.0 50.0 0.0 43.0 62.0 50.0 96.0 93.0 7.0 87.0 14.0 60.0 50.0 26.0 45.0 8.0 43.0 0.0 26.0 26.0 53.0 56.0 39.0 51.0 34.0 32.0 8.0 23.0 67.0 26.0 62.0 26.0 0.0 49.0 42.0 61.0 56.0 27.0 56.0 51.0 26.0 36.0 47.0 24.0 50.0 26.0 49.0 0.0 59.0 44.0 49.0 72.0 37.0 11.0 24.0 28.0 98.0 47.0 96.0 53.0 42.0 59.0 0.0 38.0 91.0 39.0 85.0 54.0 47.0 39.0 91.0 49.0 93.0 56.0 61.0 44.0 38.0 0.0 90.0 71.0 80.0 34.0 49.0 64.0 16.0 45.0 7.0 39.0 56.0 49.0 91.0 90.0 0.0 81.0 15.0 59.0 45.0 39.0 93.0 50.0 87.0 51.0 27.0 72.0 39.0 71.0 81.0 0.0 82.0 72.0 50.0 58.0 13.0 39.0 14.0 34.0 56.0 37.0 85.0 80.0 15.0 82.0 0.0 47.0 39.0 34.0 58.0 27.0 60.0 32.0 51.0 11.0 54.0 34.0 59.0 72.0 47.0 0.0 27.0 20.0 51.0 0.0 50.0 8.0 26.0 24.0 47.0 49.0 45.0 50.0 39.0 27.0 0.0 
11 11 
59 33 27 95 50 50 36 97 51 57 75 49 27 48 70 8 33 5 42 94 97 35 32 84 26 38 50 50 