2 10 1 2 3 33 65 65 125 10 10
11 8 15 11 
0 2 1 0 0 3 0 4 3 0 0 2 2 0 4 0 4 0 5 0 
1 1 1 0 0 0 1 0 0 0 1 0 0 0 1 0 0 1 0 1 
1 1 1 1 1 1 1 1 1 1 1 1 1 1 1 1 1 1 1 1 1 1 1 1 1 1 1 1 1 1 1 1 1 1 1 1 1 1 1 1 1 1 1 1 1 1 1 1 1 1 1 1 1 1 1 1 1 1 1 1 1 1 1 1 1 1 1 1 1 1 1 1 1 1 1 1 1 1 1 1 1 1 1 1 1 1 1 1 1 1 1 1 1 1 1 1 1 1 1 1 
0 0 9 10 3 10 0 0 0 0 1 9 0 0 8 10 1 5 0 0 0 0 1 5 2 10 0 0 6 9 0 0 6 8 0 0 8 9 0 0 
9 5 
0.0 13.0 37.0 53.0 14.0 9.0 73.0 32.0 75.0 17.0 59.0 24.0 32.0 37.0 13.0 0.0 49.0 65.0 20.0 19.0 80.0 33.0 85.0 20.0 71.0 23.0 41.0 49.0 37.0 49.0 0.0 30.0 41.0 31.0 59.0 47.0 54.0 39.0 22.0 46.0 21.0 0.0 53.0 65.0 30.0 0.0 49.0 52.0 86.0 73.0 25.0 63.0 27.0 70.0 50.0 30.0 14.0 20.0 41.0 49.0 0.0 22.0 85.0 46.0 67.0 30.0 60.0 37.0 42.0 41.0 9.0 19.0 31.0 52.0 22.0 0.0 65.0 26.0 75.0 12.0 53.0 20.0 23.0 31.0 73.0 80.0 59.0 86.0 85.0 65.0 0.0 49.0 110.0 61.0 65.0 59.0 45.0 59.0 32.0 33.0 47.0 73.0 46.0 26.0 49.0 0.0 97.0 16.0 66.0 11.0 27.0 47.0 75.0 85.0 54.0 25.0 67.0 75.0 110.0 97.0 0.0 86.0 47.0 94.0 74.0 54.0 17.0 20.0 39.0 63.0 30.0 12.0 61.0 16.0 86.0 0.0 61.0 9.0 25.0 39.0 59.0 71.0 22.0 27.0 60.0 53.0 65.0 66.0 47.0 61.0 0.0 67.0 39.0 22.0 24.0 23.0 46.0 70.0 37.0 20.0 59.0 11.0 94.0 9.0 67.0 0.0 30.0 46.0 32.0 41.0 21.0 50.0 42.0 23.0 45.0 27.0 74.0 25.0 39.0 30.0 0.0 21.0 37.0 49.0 0.0 30.0 41.0 31.0 59.0 47.0 54.0 39.0 22.0 46.0 21.0 0.0 
5 6 
25 23 15 16 50 50 76 37 34 13 25 32 13 95 4 47 99 28 14 35 68 62 6 37 30 54 50 50 