2 10 1 2 3 57 65 114 125 10 10
11 13 19 12 
0 3 3 4 2 0 0 5 2 3 4 2 5 0 3 0 2 3 0 2 
0 1 1 1 0 0 0 1 1 1 1 0 0 1 1 1 0 1 0 0 
1 1 1 1 1 1 1 1 1 1 1 1 1 1 1 1 1 1 1 1 1 1 1 1 1 1 1 1 1 1 1 1 1 1 1 1 1 1 1 1 1 1 1 1 1 1 1 1 1 1 1 1 1 1 1 1 1 1 1 1 1 1 1 1 1 1 1 1 1 1 1 1 1 1 1 1 1 1 1 1 1 1 1 1 1 1 1 1 1 1 1 1 1 1 1 1 1 1 1 1 
0 0 8 10 5 9 6 10 4 5 0 0 0 0 7 9 1 8 7 8 10 10 3 10 3 3 0 0 2 5 0 0 6 9 7 8 0 0 9 10 
4 7 
0.0 32.0 19.0 29.0 56.0 12.0 65.0 62.0 68.0 30.0 73.0 39.0 40.0 19.0 32.0 0.0 50.0 12.0 71.0 37.0 92.0 92.0 98.0 59.0 98.0 27.0 59.0 50.0 19.0 50.0 0.0 48.0 47.0 15.0 46.0 50.0 49.0 11.0 56.0 50.0 31.0 0.0 29.0 12.0 48.0 0.0 77.0 37.0 93.0 85.0 96.0 58.0 100.0 38.0 63.0 48.0 56.0 71.0 47.0 77.0 0.0 45.0 44.0 87.0 60.0 43.0 40.0 51.0 18.0 47.0 12.0 37.0 15.0 37.0 45.0 0.0 56.0 64.0 62.0 23.0 63.0 35.0 29.0 15.0 65.0 92.0 46.0 93.0 44.0 56.0 0.0 56.0 17.0 36.0 15.0 83.0 40.0 46.0 62.0 92.0 50.0 85.0 87.0 64.0 56.0 0.0 43.0 47.0 71.0 98.0 73.0 50.0 68.0 98.0 49.0 96.0 60.0 62.0 17.0 43.0 0.0 39.0 30.0 92.0 52.0 49.0 30.0 59.0 11.0 58.0 43.0 23.0 36.0 47.0 39.0 0.0 46.0 56.0 27.0 11.0 73.0 98.0 56.0 100.0 40.0 63.0 15.0 71.0 30.0 46.0 0.0 85.0 41.0 56.0 39.0 27.0 50.0 38.0 51.0 35.0 83.0 98.0 92.0 56.0 85.0 0.0 44.0 50.0 40.0 59.0 31.0 63.0 18.0 29.0 40.0 73.0 52.0 27.0 41.0 44.0 0.0 31.0 19.0 50.0 0.0 48.0 47.0 15.0 46.0 50.0 49.0 11.0 56.0 50.0 31.0 0.0 
2 11 
56 32 54 1 50 50 65 5 3 50 45 36 25 88 81 88 39 97 45 59 11 89 28 6 20 49 50 50 