2 10 1 2 3 64 65 128 125 10 10
13 17 8 11 
2 5 0 1 0 3 2 2 5 0 2 2 0 2 2 0 2 0 0 3 
1 0 0 0 0 0 1 0 1 1 0 1 0 1 0 1 0 0 0 0 
1 1 1 1 1 1 1 1 1 1 1 1 1 1 1 1 1 1 1 1 1 1 1 1 1 1 1 1 1 1 1 1 1 1 1 1 1 1 1 1 1 1 1 1 1 1 1 1 1 1 1 1 1 1 1 1 1 1 1 1 1 1 1 1 1 1 1 1 1 1 1 1 1 1 1 1 1 1 1 1 1 1 1 1 1 1 1 1 1 1 1 1 1 1 1 1 1 1 1 1 
9 10 6 9 0 0 3 6 0 0 1 8 9 10 6 6 9 10 0 0 2 8 5 9 0 0 2 7 10 10 0 0 5 6 0 0 0 0 10 10 
7 3 
0.0 27.0 5.0 27.0 33.0 46.0 59.0 46.0 50.0 45.0 20.0 55.0 15.0 5.0 27.0 0.0 24.0 25.0 42.0 20.0 74.0 52.0 73.0 33.0 37.0 44.0 12.0 24.0 5.0 24.0 0.0 28.0 30.0 43.0 58.0 48.0 51.0 45.0 24.0 51.0 12.0 0.0 27.0 25.0 28.0 0.0 56.0 39.0 85.0 28.0 76.0 19.0 22.0 67.0 23.0 28.0 33.0 42.0 30.0 56.0 0.0 54.0 33.0 78.0 41.0 72.0 52.0 36.0 35.0 30.0 46.0 20.0 43.0 39.0 54.0 0.0 86.0 66.0 90.0 39.0 56.0 42.0 32.0 43.0 59.0 74.0 58.0 85.0 33.0 86.0 0.0 102.0 28.0 102.0 75.0 60.0 66.0 58.0 46.0 52.0 48.0 28.0 78.0 66.0 102.0 0.0 86.0 33.0 28.0 94.0 48.0 48.0 50.0 73.0 51.0 76.0 41.0 90.0 28.0 86.0 0.0 94.0 60.0 75.0 62.0 51.0 45.0 33.0 45.0 19.0 72.0 39.0 102.0 33.0 94.0 0.0 39.0 75.0 37.0 45.0 20.0 37.0 24.0 22.0 52.0 56.0 75.0 28.0 60.0 39.0 0.0 74.0 28.0 24.0 55.0 44.0 51.0 67.0 36.0 42.0 60.0 94.0 75.0 75.0 74.0 0.0 47.0 51.0 15.0 12.0 12.0 23.0 35.0 32.0 66.0 48.0 62.0 37.0 28.0 47.0 0.0 12.0 5.0 24.0 0.0 28.0 30.0 43.0 58.0 48.0 51.0 45.0 24.0 51.0 12.0 0.0 
14 6 
53 47 27 48 50 50 37 26 54 79 8 52 80 99 50 2 94 75 21 16 58 28 21 91 39 48 50 50 