4 20 2 4 3 210 65 420 125 10 21
19 27 0 0 25 26 0 0 0 0 23 23 0 0 22 22 
0 2 5 0 1 2 0 3 1 4 0 3 0 2 3 0 1 0 0 4 1 0 4 3 4 4 5 0 0 4 2 0 5 2 0 4 0 2 0 2 2 5 4 5 1 0 0 0 0 2 1 0 2 0 5 0 0 4 0 0 4 5 0 1 4 0 0 0 2 0 3 1 0 0 4 1 3 1 2 1 
0 0 1 1 1 0 0 0 1 0 1 1 1 0 0 1 0 0 1 0 1 0 1 1 0 1 0 0 0 0 1 0 1 0 0 0 0 1 1 0 
1 1 1 1 1 1 1 1 1 1 1 1 1 1 1 1 1 1 1 1 1 1 1 1 1 1 1 1 1 1 1 1 1 1 1 1 1 1 1 1 1 1 1 1 1 1 1 1 1 1 1 1 1 1 1 1 1 1 1 1 1 1 1 1 1 1 1 1 1 1 1 1 1 1 1 1 1 1 1 1 1 1 1 1 1 1 1 1 1 1 1 1 1 1 1 1 1 1 1 1 1 1 1 1 1 1 1 1 1 1 1 1 1 1 1 1 1 1 1 1 1 1 1 1 1 1 1 1 1 1 1 1 1 1 1 1 1 1 1 1 1 1 1 1 1 1 1 1 1 1 1 1 1 1 1 1 1 1 1 1 1 1 1 1 1 1 1 1 1 1 1 1 1 1 1 1 1 1 1 1 1 1 1 1 1 1 1 1 1 1 1 1 1 1 1 1 1 1 1 1 
0 0 8 10 6 9 0 0 3 10 1 4 0 0 4 8 7 9 2 5 0 0 2 8 0 0 3 7 5 7 0 0 5 9 0 0 0 0 3 7 3 10 0 0 2 7 7 10 10 10 2 2 8 9 0 0 0 0 6 8 7 10 0 0 5 7 3 3 0 0 3 6 0 0 6 9 0 0 2 7 2 4 10 10 5 9 5 10 3 8 0 0 0 0 0 0 0 0 8 8 8 9 0 0 4 7 0 0 1 7 0 0 0 0 10 10 0 0 0 0 2 8 8 10 0 0 1 7 10 10 0 0 0 0 0 0 1 2 0 0 4 6 6 9 0 0 0 0 5 8 4 4 2 3 5 6 2 10 10 10 
4 3 10 5 
0.0 39.0 18.0 70.0 55.0 32.0 61.0 52.0 24.0 20.0 43.0 78.0 47.0 61.0 23.0 75.0 44.0 35.0 73.0 45.0 45.0 29.0 9.0 22.0 36.0 28.0 55.0 32.0 39.0 0.0 45.0 82.0 35.0 67.0 52.0 81.0 60.0 58.0 38.0 56.0 66.0 90.0 59.0 52.0 46.0 59.0 48.0 82.0 65.0 15.0 32.0 56.0 16.0 48.0 35.0 67.0 18.0 45.0 0.0 53.0 49.0 24.0 49.0 38.0 34.0 20.0 33.0 71.0 29.0 47.0 18.0 68.0 31.0 18.0 68.0 42.0 28.0 32.0 16.0 35.0 47.0 45.0 49.0 24.0 70.0 82.0 53.0 0.0 58.0 58.0 41.0 41.0 83.0 66.0 45.0 65.0 25.0 39.0 62.0 65.0 36.0 37.0 70.0 75.0 27.0 68.0 66.0 86.0 91.0 97.0 58.0 58.0 55.0 35.0 49.0 58.0 0.0 71.0 20.0 75.0 78.0 68.0 19.0 24.0 53.0 80.0 67.0 20.0 27.0 52.0 20.0 90.0 53.0 30.0 46.0 77.0 50.0 76.0 0.0 71.0 32.0 67.0 24.0 58.0 71.0 0.0 68.0 25.0 29.0 14.0 54.0 92.0 33.0 34.0 10.0 89.0 49.0 24.0 90.0 20.0 33.0 54.0 36.0 34.0 67.0 51.0 71.0 0.0 61.0 52.0 49.0 41.0 20.0 68.0 0.0 65.0 82.0 69.0 19.0 27.0 43.0 69.0 66.0 26.0 19.0 45.0 30.0 88.0 42.0 43.0 53.0 82.0 65.0 85.0 20.0 68.0 52.0 81.0 38.0 41.0 75.0 25.0 65.0 0.0 54.0 38.0 56.0 91.0 23.0 10.0 33.0 90.0 49.0 24.0 92.0 36.0 23.0 68.0 54.0 58.0 85.0 75.0 75.0 25.0 24.0 60.0 34.0 83.0 78.0 29.0 82.0 54.0 0.0 17.0 64.0 101.0 58.0 63.0 22.0 98.0 64.0 46.0 97.0 30.0 56.0 52.0 33.0 7.0 53.0 26.0 78.0 29.0 20.0 58.0 20.0 66.0 68.0 14.0 69.0 38.0 17.0 0.0 52.0 90.0 41.0 48.0 5.0 87.0 50.0 30.0 87.0 25.0 40.0 47.0 27.0 21.0 55.0 38.0 68.0 14.0 43.0 38.0 33.0 45.0 19.0 54.0 19.0 56.0 64.0 52.0 0.0 39.0 35.0 62.0 50.0 36.0 10.0 34.0 37.0 73.0 35.0 27.0 35.0 64.0 50.0 67.0 19.0 54.0 78.0 56.0 71.0 65.0 24.0 92.0 27.0 91.0 101.0 90.0 39.0 0.0 69.0 95.0 88.0 5.0 44.0 71.0 11.0 112.0 68.0 54.0 69.0 100.0 71.0 99.0 24.0 92.0 47.0 66.0 29.0 25.0 53.0 33.0 43.0 23.0 58.0 41.0 35.0 69.0 0.0 27.0 37.0 67.0 27.0 12.0 70.0 51.0 2.0 52.0 44.0 61.0 73.0 73.0 53.0 33.0 61.0 90.0 47.0 39.0 80.0 34.0 69.0 10.0 63.0 48.0 62.0 95.0 27.0 0.0 43.0 94.0 54.0 31.0 97.0 43.0 28.0 76.0 63.0 68.0 94.0 85.0 80.0 34.0 23.0 59.0 18.0 62.0 67.0 10.0 66.0 33.0 22.0 5.0 50.0 88.0 37.0 43.0 0.0 86.0 47.0 26.0 86.0 25.0 35.0 47.0 28.0 26.0 58.0 42.0 67.0 10.0 75.0 52.0 68.0 65.0 20.0 89.0 26.0 90.0 98.0 87.0 36.0 5.0 67.0 94.0 86.0 0.0 42.0 68.0 8.0 109.0 67.0 50.0 66.0 97.0 67.0 95.0 20.0 89.0 44.0 46.0 31.0 36.0 27.0 49.0 19.0 49.0 64.0 50.0 10.0 44.0 27.0 54.0 47.0 42.0 0.0 27.0 44.0 69.0 26.0 34.0 37.0 64.0 57.0 70.0 27.0 49.0 35.0 59.0 18.0 37.0 52.0 24.0 45.0 24.0 46.0 30.0 34.0 71.0 12.0 31.0 26.0 68.0 27.0 0.0 70.0 44.0 11.0 45.0 34.0 49.0 64.0 62.0 52.0 24.0 73.0 48.0 68.0 70.0 20.0 90.0 30.0 92.0 97.0 87.0 37.0 11.0 70.0 97.0 86.0 8.0 44.0 70.0 0.0 110.0 70.0 47.0 64.0 95.0 63.0 92.0 20.0 90.0 45.0 82.0 42.0 75.0 90.0 20.0 88.0 36.0 30.0 25.0 73.0 112.0 51.0 43.0 25.0 109.0 69.0 44.0 110.0 0.0 51.0 71.0 51.0 36.0 79.0 55.0 90.0 20.0 45.0 65.0 28.0 27.0 53.0 33.0 42.0 23.0 56.0 40.0 35.0 68.0 2.0 28.0 35.0 67.0 26.0 11.0 70.0 51.0 0.0 51.0 43.0 60.0 72.0 72.0 53.0 33.0 29.0 15.0 32.0 68.0 30.0 54.0 43.0 68.0 52.0 47.0 27.0 54.0 52.0 76.0 47.0 50.0 34.0 45.0 47.0 71.0 51.0 0.0 20.0 49.0 24.0 46.0 30.0 54.0 9.0 32.0 16.0 66.0 46.0 36.0 53.0 54.0 33.0 27.0 35.0 69.0 44.0 63.0 28.0 66.0 37.0 34.0 64.0 51.0 43.0 20.0 0.0 31.0 32.0 34.0 46.0 36.0 22.0 56.0 35.0 86.0 77.0 34.0 82.0 58.0 7.0 21.0 64.0 100.0 61.0 68.0 26.0 97.0 64.0 49.0 95.0 36.0 60.0 49.0 31.0 0.0 49.0 20.0 77.0 34.0 36.0 16.0 47.0 91.0 50.0 67.0 65.0 85.0 53.0 55.0 50.0 71.0 73.0 94.0 58.0 67.0 57.0 64.0 63.0 79.0 72.0 24.0 32.0 49.0 0.0 36.0 50.0 67.0 28.0 48.0 45.0 97.0 76.0 51.0 85.0 75.0 26.0 38.0 67.0 99.0 73.0 85.0 42.0 95.0 70.0 62.0 92.0 55.0 72.0 46.0 34.0 20.0 36.0 0.0 76.0 51.0 55.0 35.0 49.0 58.0 0.0 71.0 20.0 75.0 78.0 68.0 19.0 24.0 53.0 80.0 67.0 20.0 27.0 52.0 20.0 90.0 53.0 30.0 46.0 77.0 50.0 76.0 0.0 71.0 32.0 67.0 24.0 58.0 71.0 0.0 68.0 25.0 29.0 14.0 54.0 92.0 33.0 34.0 10.0 89.0 49.0 24.0 90.0 20.0 33.0 54.0 36.0 34.0 67.0 51.0 71.0 0.0 
3 5 9 15 
76 56 57 89 63 45 18 18 25 75 75 25 16 58 57 8 96 44 81 37 34 59 2 80 42 25 52 0 77 34 6 81 33 50 52 31 10 87 92 15 43 26 55 75 68 60 97 50 72 91 100 69 25 75 75 25 