4 20 2 4 3 281 65 562 125 10 21
22 24 0 0 18 31 0 0 0 0 12 33 0 0 13 33 
4 2 0 3 0 3 0 0 1 0 0 4 0 2 0 4 1 2 0 0 3 3 0 2 3 0 0 0 1 3 2 0 1 0 5 1 0 4 1 5 0 0 0 4 0 3 5 0 4 5 0 0 5 0 0 0 3 4 1 5 1 0 0 0 0 3 5 4 4 0 2 0 0 1 0 3 0 3 0 0 
0 1 0 0 1 0 1 0 0 0 1 0 0 0 1 0 0 1 1 1 1 1 1 0 1 1 1 1 1 0 0 1 1 1 1 1 1 1 1 0 
1 1 1 1 1 1 1 1 1 1 1 1 1 1 1 1 1 1 1 1 1 1 1 1 1 1 1 1 1 1 1 1 1 1 1 1 1 1 1 1 1 1 1 1 1 1 1 1 1 1 1 1 1 1 1 1 1 1 1 1 1 1 1 1 1 1 1 1 1 1 1 1 1 1 1 1 1 1 1 1 1 1 1 1 1 1 1 1 1 1 1 1 1 1 1 1 1 1 1 1 1 1 1 1 1 1 1 1 1 1 1 1 1 1 1 1 1 1 1 1 1 1 1 1 1 1 1 1 1 1 1 1 1 1 1 1 1 1 1 1 1 1 1 1 1 1 1 1 1 1 1 1 1 1 1 1 1 1 1 1 1 1 1 1 1 1 1 1 1 1 1 1 1 1 1 1 1 1 1 1 1 1 1 1 1 1 1 1 1 1 1 1 1 1 1 1 1 1 1 1 
10 10 9 10 0 0 3 7 0 0 9 10 0 0 0 0 2 9 0 0 0 0 6 9 0 0 4 5 0 0 8 10 10 10 7 10 0 0 0 0 10 10 8 10 0 0 7 10 10 10 0 0 0 0 0 0 2 8 6 8 1 8 0 0 7 9 0 0 4 6 7 8 0 0 8 9 6 7 2 7 0 0 0 0 0 0 4 10 0 0 5 6 10 10 0 0 9 10 10 10 0 0 0 0 7 9 0 0 0 0 0 0 6 10 10 10 7 9 10 10 9 10 0 0 0 0 0 0 0 0 8 10 2 8 10 10 6 8 0 0 5 7 0 0 0 0 2 3 0 0 6 8 0 0 6 7 0 0 0 0 
8 3 8 9 
0.0 89.0 12.0 28.0 12.0 74.0 73.0 62.0 15.0 100.0 28.0 79.0 30.0 19.0 53.0 47.0 58.0 52.0 42.0 74.0 56.0 23.0 25.0 54.0 72.0 72.0 12.0 74.0 89.0 0.0 84.0 68.0 84.0 25.0 39.0 67.0 84.0 21.0 70.0 19.0 111.0 75.0 85.0 48.0 51.0 58.0 55.0 28.0 41.0 103.0 67.0 69.0 57.0 35.0 84.0 25.0 12.0 84.0 0.0 30.0 20.0 66.0 64.0 51.0 4.0 92.0 18.0 76.0 41.0 22.0 43.0 39.0 59.0 42.0 33.0 66.0 54.0 34.0 17.0 58.0 62.0 63.0 20.0 66.0 28.0 68.0 30.0 0.0 19.0 58.0 63.0 64.0 33.0 82.0 33.0 55.0 44.0 10.0 64.0 37.0 31.0 51.0 36.0 60.0 30.0 36.0 23.0 29.0 69.0 61.0 19.0 58.0 12.0 84.0 20.0 19.0 0.0 71.0 73.0 66.0 23.0 96.0 32.0 72.0 29.0 10.0 61.0 47.0 49.0 55.0 42.0 72.0 48.0 20.0 25.0 43.0 75.0 71.0 0.0 71.0 74.0 25.0 66.0 58.0 71.0 0.0 15.0 42.0 65.0 27.0 50.0 33.0 100.0 63.0 60.0 27.0 54.0 34.0 34.0 4.0 40.0 91.0 50.0 70.0 33.0 11.0 71.0 0.0 73.0 39.0 64.0 63.0 73.0 15.0 0.0 30.0 62.0 35.0 47.0 47.0 101.0 65.0 49.0 27.0 64.0 25.0 32.0 11.0 50.0 92.0 49.0 79.0 19.0 4.0 73.0 15.0 62.0 67.0 51.0 64.0 66.0 42.0 30.0 0.0 48.0 64.0 35.0 71.0 92.0 63.0 21.0 31.0 78.0 15.0 30.0 39.0 65.0 84.0 43.0 88.0 15.0 33.0 66.0 42.0 15.0 84.0 4.0 33.0 23.0 65.0 62.0 48.0 0.0 92.0 16.0 77.0 44.0 25.0 40.0 39.0 61.0 40.0 32.0 65.0 55.0 37.0 18.0 61.0 60.0 62.0 23.0 65.0 100.0 21.0 92.0 82.0 96.0 27.0 35.0 64.0 92.0 0.0 77.0 39.0 124.0 88.0 84.0 54.0 70.0 58.0 61.0 28.0 58.0 116.0 76.0 87.0 50.0 33.0 96.0 27.0 28.0 70.0 18.0 33.0 32.0 50.0 47.0 35.0 16.0 77.0 0.0 65.0 57.0 29.0 32.0 24.0 56.0 25.0 17.0 50.0 47.0 50.0 10.0 60.0 45.0 47.0 32.0 50.0 79.0 19.0 76.0 55.0 72.0 33.0 47.0 71.0 77.0 39.0 65.0 0.0 98.0 63.0 86.0 45.0 33.0 59.0 51.0 37.0 26.0 90.0 59.0 51.0 64.0 43.0 72.0 33.0 30.0 111.0 41.0 44.0 29.0 100.0 101.0 92.0 44.0 124.0 57.0 98.0 0.0 37.0 82.0 75.0 70.0 82.0 70.0 100.0 73.0 9.0 53.0 58.0 102.0 100.0 29.0 100.0 19.0 75.0 22.0 10.0 10.0 63.0 65.0 63.0 25.0 88.0 29.0 63.0 37.0 0.0 60.0 39.0 40.0 50.0 36.0 64.0 38.0 29.0 20.0 36.0 69.0 64.0 10.0 63.0 53.0 85.0 43.0 64.0 61.0 60.0 49.0 21.0 40.0 84.0 32.0 86.0 82.0 60.0 0.0 42.0 85.0 28.0 37.0 58.0 74.0 76.0 42.0 92.0 36.0 52.0 61.0 60.0 47.0 48.0 39.0 37.0 47.0 27.0 27.0 31.0 39.0 54.0 24.0 45.0 75.0 39.0 42.0 0.0 47.0 17.0 8.0 27.0 34.0 66.0 23.0 58.0 33.0 25.0 47.0 27.0 58.0 51.0 59.0 31.0 49.0 54.0 64.0 78.0 61.0 70.0 56.0 33.0 70.0 40.0 85.0 47.0 0.0 64.0 50.0 56.0 15.0 63.0 47.0 19.0 77.0 61.0 49.0 54.0 52.0 58.0 42.0 51.0 55.0 34.0 25.0 15.0 40.0 58.0 25.0 59.0 82.0 50.0 28.0 17.0 64.0 0.0 16.0 32.0 51.0 74.0 31.0 74.0 20.0 26.0 55.0 34.0 42.0 55.0 33.0 36.0 42.0 34.0 32.0 30.0 32.0 61.0 17.0 51.0 70.0 36.0 37.0 8.0 50.0 16.0 0.0 34.0 38.0 62.0 18.0 59.0 34.0 31.0 42.0 34.0 74.0 28.0 66.0 60.0 72.0 4.0 11.0 39.0 65.0 28.0 50.0 37.0 100.0 64.0 58.0 27.0 56.0 32.0 34.0 0.0 43.0 92.0 50.0 72.0 29.0 8.0 72.0 4.0 56.0 41.0 54.0 30.0 48.0 40.0 50.0 65.0 55.0 58.0 47.0 26.0 73.0 38.0 74.0 34.0 15.0 51.0 38.0 43.0 0.0 65.0 39.0 31.0 63.0 47.0 48.0 40.0 23.0 103.0 34.0 36.0 20.0 91.0 92.0 84.0 37.0 116.0 50.0 90.0 9.0 29.0 76.0 66.0 63.0 74.0 62.0 92.0 65.0 0.0 44.0 52.0 94.0 91.0 20.0 91.0 25.0 67.0 17.0 23.0 25.0 50.0 49.0 43.0 18.0 76.0 10.0 59.0 53.0 20.0 42.0 23.0 47.0 31.0 18.0 50.0 39.0 44.0 0.0 51.0 50.0 48.0 25.0 50.0 54.0 69.0 58.0 29.0 43.0 70.0 79.0 88.0 61.0 87.0 60.0 51.0 58.0 36.0 92.0 58.0 19.0 74.0 59.0 72.0 31.0 52.0 51.0 0.0 89.0 76.0 43.0 70.0 72.0 57.0 62.0 69.0 75.0 33.0 19.0 15.0 60.0 50.0 45.0 64.0 102.0 69.0 36.0 33.0 77.0 20.0 34.0 29.0 63.0 94.0 50.0 89.0 0.0 22.0 75.0 33.0 72.0 35.0 63.0 61.0 71.0 11.0 4.0 33.0 62.0 33.0 47.0 43.0 100.0 64.0 52.0 25.0 61.0 26.0 31.0 8.0 47.0 91.0 48.0 76.0 22.0 0.0 71.0 11.0 12.0 84.0 20.0 19.0 0.0 71.0 73.0 66.0 23.0 96.0 32.0 72.0 29.0 10.0 61.0 47.0 49.0 55.0 42.0 72.0 48.0 20.0 25.0 43.0 75.0 71.0 0.0 71.0 74.0 25.0 66.0 58.0 71.0 0.0 15.0 42.0 65.0 27.0 50.0 33.0 100.0 63.0 60.0 27.0 54.0 34.0 34.0 4.0 40.0 91.0 50.0 70.0 33.0 11.0 71.0 0.0 
13 12 1 15 
32 84 66 2 43 82 27 57 25 75 75 25 85 35 90 64 46 83 86 1 56 71 48 7 4 94 28 66 85 84 63 49 22 27 77 58 62 56 78 27 36 29 10 88 48 66 7 37 95 50 82 33 25 75 75 25 