4 20 2 4 3 181 65 362 125 10 21
25 25 0 0 16 13 0 0 0 0 20 26 0 0 20 22 
5 0 0 0 1 2 3 0 5 0 4 1 0 0 0 1 0 3 0 4 5 0 2 0 1 0 0 2 0 0 1 5 0 5 2 1 4 0 2 3 1 3 0 1 5 0 0 1 0 4 2 0 0 0 0 1 1 0 0 3 0 0 1 0 0 3 5 3 2 0 0 0 0 5 3 0 1 1 1 0 
0 0 1 0 1 0 0 1 1 1 0 1 1 1 1 1 0 1 0 0 0 0 0 0 1 1 0 0 0 0 0 0 0 0 0 0 0 1 1 1 
1 1 1 1 1 1 1 1 1 1 1 1 1 1 1 1 1 1 1 1 1 1 1 1 1 1 1 1 1 1 1 1 1 1 1 1 1 1 1 1 1 1 1 1 1 1 1 1 1 1 1 1 1 1 1 1 1 1 1 1 1 1 1 1 1 1 1 1 1 1 1 1 1 1 1 1 1 1 1 1 1 1 1 1 1 1 1 1 1 1 1 1 1 1 1 1 1 1 1 1 1 1 1 1 1 1 1 1 1 1 1 1 1 1 1 1 1 1 1 1 1 1 1 1 1 1 1 1 1 1 1 1 1 1 1 1 1 1 1 1 1 1 1 1 1 1 1 1 1 1 1 1 1 1 1 1 1 1 1 1 1 1 1 1 1 1 1 1 1 1 1 1 1 1 1 1 1 1 1 1 1 1 1 1 1 1 1 1 1 1 1 1 1 1 1 1 1 1 1 1 
3 8 0 0 0 0 0 0 9 10 10 10 8 9 0 0 10 10 0 0 1 9 9 10 0 0 0 0 0 0 2 5 0 0 9 10 0 0 8 10 9 10 0 0 2 10 0 0 5 7 0 0 0 0 4 6 0 0 0 0 1 3 2 5 0 0 5 8 3 8 6 7 9 10 0 0 4 6 10 10 9 10 6 10 0 0 10 10 8 10 0 0 0 0 9 10 0 0 9 10 1 9 0 0 0 0 0 0 0 0 1 10 3 3 0 0 0 0 7 8 0 0 0 0 10 10 0 0 0 0 2 5 7 9 2 3 1 7 0 0 0 0 0 0 0 0 1 9 6 8 0 0 5 8 7 10 9 10 0 0 
1 9 10 10 
0.0 4.0 50.0 24.0 59.0 34.0 59.0 49.0 35.0 11.0 44.0 54.0 61.0 63.0 44.0 64.0 15.0 50.0 69.0 52.0 52.0 55.0 19.0 43.0 77.0 38.0 59.0 34.0 4.0 0.0 48.0 27.0 58.0 31.0 56.0 46.0 31.0 8.0 43.0 52.0 57.0 61.0 40.0 64.0 15.0 46.0 66.0 50.0 50.0 52.0 20.0 41.0 75.0 36.0 58.0 31.0 50.0 48.0 0.0 54.0 27.0 50.0 64.0 3.0 32.0 40.0 24.0 11.0 39.0 14.0 43.0 38.0 61.0 20.0 19.0 11.0 78.0 27.0 67.0 67.0 30.0 68.0 27.0 50.0 24.0 27.0 54.0 0.0 51.0 56.0 82.0 54.0 52.0 27.0 37.0 52.0 77.0 64.0 64.0 53.0 38.0 62.0 72.0 51.0 76.0 69.0 38.0 67.0 73.0 62.0 51.0 56.0 59.0 58.0 27.0 51.0 0.0 71.0 89.0 30.0 55.0 51.0 16.0 17.0 66.0 25.0 68.0 11.0 73.0 47.0 33.0 17.0 99.0 54.0 77.0 88.0 24.0 87.0 0.0 71.0 34.0 31.0 50.0 56.0 71.0 0.0 26.0 47.0 18.0 31.0 58.0 59.0 36.0 62.0 15.0 80.0 29.0 36.0 64.0 57.0 29.0 37.0 35.0 18.0 80.0 20.0 71.0 0.0 59.0 56.0 64.0 82.0 89.0 26.0 0.0 61.0 35.0 56.0 78.0 74.0 33.0 74.0 22.0 99.0 52.0 45.0 73.0 73.0 28.0 41.0 58.0 25.0 92.0 32.0 89.0 26.0 49.0 46.0 3.0 54.0 30.0 47.0 61.0 0.0 30.0 38.0 25.0 14.0 36.0 16.0 40.0 40.0 59.0 18.0 21.0 13.0 75.0 25.0 65.0 65.0 33.0 65.0 30.0 47.0 35.0 31.0 32.0 52.0 55.0 18.0 35.0 30.0 0.0 26.0 44.0 42.0 27.0 45.0 14.0 65.0 37.0 20.0 47.0 40.0 46.0 22.0 44.0 35.0 62.0 37.0 55.0 18.0 11.0 8.0 40.0 27.0 51.0 31.0 56.0 38.0 26.0 0.0 35.0 44.0 52.0 53.0 38.0 57.0 23.0 40.0 59.0 42.0 54.0 46.0 28.0 44.0 67.0 40.0 51.0 31.0 44.0 43.0 24.0 37.0 16.0 58.0 78.0 25.0 44.0 35.0 0.0 17.0 60.0 29.0 57.0 23.0 57.0 40.0 38.0 16.0 85.0 49.0 62.0 75.0 37.0 73.0 16.0 58.0 54.0 52.0 11.0 52.0 17.0 59.0 74.0 14.0 42.0 44.0 17.0 0.0 50.0 13.0 53.0 27.0 65.0 31.0 21.0 2.0 87.0 38.0 71.0 76.0 24.0 76.0 17.0 59.0 61.0 57.0 39.0 77.0 66.0 36.0 33.0 36.0 27.0 52.0 60.0 50.0 0.0 46.0 22.0 76.0 62.0 20.0 43.0 49.0 57.0 12.0 69.0 49.0 63.0 54.0 66.0 36.0 63.0 61.0 14.0 64.0 25.0 62.0 74.0 16.0 45.0 53.0 29.0 13.0 46.0 0.0 54.0 35.0 74.0 29.0 9.0 14.0 90.0 35.0 79.0 80.0 18.0 81.0 25.0 62.0 44.0 40.0 43.0 64.0 68.0 15.0 22.0 40.0 14.0 38.0 57.0 53.0 22.0 54.0 0.0 77.0 42.0 26.0 55.0 52.0 38.0 24.0 49.0 29.0 72.0 33.0 68.0 15.0 64.0 64.0 38.0 53.0 11.0 80.0 99.0 40.0 65.0 57.0 23.0 27.0 76.0 35.0 77.0 0.0 79.0 57.0 42.0 27.0 107.0 65.0 83.0 97.0 30.0 95.0 11.0 80.0 15.0 15.0 61.0 38.0 73.0 29.0 52.0 59.0 37.0 23.0 57.0 65.0 62.0 74.0 42.0 79.0 0.0 55.0 79.0 63.0 40.0 59.0 7.0 33.0 89.0 26.0 73.0 29.0 50.0 46.0 20.0 62.0 47.0 36.0 45.0 18.0 20.0 40.0 40.0 31.0 20.0 29.0 26.0 57.0 55.0 0.0 30.0 30.0 63.0 9.0 62.0 53.0 47.0 55.0 47.0 36.0 69.0 66.0 19.0 72.0 33.0 64.0 73.0 21.0 47.0 59.0 38.0 21.0 43.0 9.0 55.0 42.0 79.0 30.0 0.0 22.0 91.0 33.0 85.0 81.0 21.0 83.0 33.0 64.0 52.0 50.0 11.0 51.0 17.0 57.0 73.0 13.0 40.0 42.0 16.0 2.0 49.0 14.0 52.0 27.0 63.0 30.0 22.0 0.0 85.0 38.0 69.0 74.0 26.0 74.0 17.0 57.0 52.0 50.0 78.0 76.0 99.0 29.0 28.0 75.0 46.0 54.0 85.0 87.0 57.0 90.0 38.0 107.0 40.0 63.0 91.0 85.0 0.0 61.0 42.0 11.0 108.0 15.0 99.0 29.0 55.0 52.0 27.0 69.0 54.0 37.0 41.0 25.0 22.0 46.0 49.0 38.0 12.0 35.0 24.0 65.0 59.0 9.0 33.0 38.0 61.0 0.0 66.0 52.0 52.0 55.0 54.0 37.0 19.0 20.0 67.0 38.0 77.0 35.0 58.0 65.0 44.0 28.0 62.0 71.0 69.0 79.0 49.0 83.0 7.0 62.0 85.0 69.0 42.0 66.0 0.0 36.0 94.0 29.0 77.0 35.0 43.0 41.0 67.0 67.0 88.0 18.0 25.0 65.0 35.0 44.0 75.0 76.0 49.0 80.0 29.0 97.0 33.0 53.0 81.0 74.0 11.0 52.0 36.0 0.0 97.0 9.0 88.0 18.0 77.0 75.0 30.0 73.0 24.0 80.0 92.0 33.0 62.0 67.0 37.0 24.0 63.0 18.0 72.0 30.0 89.0 47.0 21.0 26.0 108.0 52.0 94.0 97.0 0.0 98.0 24.0 80.0 38.0 36.0 68.0 62.0 87.0 20.0 32.0 65.0 37.0 40.0 73.0 76.0 54.0 81.0 33.0 95.0 26.0 55.0 83.0 74.0 15.0 55.0 29.0 9.0 98.0 0.0 87.0 20.0 59.0 58.0 27.0 51.0 0.0 71.0 89.0 30.0 55.0 51.0 16.0 17.0 66.0 25.0 68.0 11.0 73.0 47.0 33.0 17.0 99.0 54.0 77.0 88.0 24.0 87.0 0.0 71.0 34.0 31.0 50.0 56.0 71.0 0.0 26.0 47.0 18.0 31.0 58.0 59.0 36.0 62.0 15.0 80.0 29.0 36.0 64.0 57.0 29.0 37.0 35.0 18.0 80.0 20.0 71.0 0.0 
4 11 5 14 
42 19 45 21 51 68 19 25 25 75 75 25 100 28 53 66 68 41 45 29 29 60 41 72 88 58 49 81 81 38 15 77 52 8 69 60 56 86 41 70 91 2 77 61 49 2 84 10 38 95 77 6 25 75 75 25 