4 20 2 4 3 275 65 549 125 10 21
40 26 0 0 34 40 0 0 0 0 23 40 0 0 13 49 
5 3 3 4 0 0 1 0 3 2 2 1 3 0 0 4 3 0 1 1 3 5 0 2 0 0 0 3 0 0 0 5 5 2 0 4 1 3 3 0 1 4 0 0 0 5 2 5 4 0 0 4 4 3 0 0 3 3 3 4 4 1 0 4 3 4 2 5 0 5 5 5 0 2 3 0 0 5 0 0 
1 1 1 1 0 1 1 1 0 1 1 1 1 1 1 0 1 1 1 1 1 1 0 1 0 1 0 0 1 1 0 0 1 1 0 1 0 0 1 0 
1 1 1 1 1 1 1 1 1 1 1 1 1 1 1 1 1 1 1 1 1 1 1 1 1 1 1 1 1 1 1 1 1 1 1 1 1 1 1 1 1 1 1 1 1 1 1 1 1 1 1 1 1 1 1 1 1 1 1 1 1 1 1 1 1 1 1 1 1 1 1 1 1 1 1 1 1 1 1 1 1 1 1 1 1 1 1 1 1 1 1 1 1 1 1 1 1 1 1 1 1 1 1 1 1 1 1 1 1 1 1 1 1 1 1 1 1 1 1 1 1 1 1 1 1 1 1 1 1 1 1 1 1 1 1 1 1 1 1 1 1 1 1 1 1 1 1 1 1 1 1 1 1 1 1 1 1 1 1 1 1 1 1 1 1 1 1 1 1 1 1 1 1 1 1 1 1 1 1 1 1 1 1 1 1 1 1 1 1 1 1 1 1 1 1 1 1 1 1 1 
5 10 6 8 9 10 8 8 0 0 0 0 2 6 0 0 8 10 4 10 3 6 8 8 10 10 0 0 0 0 9 10 5 8 0 0 2 6 2 9 2 5 9 10 0 0 10 10 0 0 0 0 0 0 1 6 0 0 0 0 0 0 5 8 4 6 1 10 0 0 1 7 3 6 10 10 3 4 0 0 1 5 2 5 0 0 0 0 0 0 8 9 1 3 8 10 3 8 0 0 0 0 5 5 7 10 4 6 0 0 0 0 2 10 9 10 1 6 8 9 8 9 9 10 0 0 10 10 6 7 7 10 7 9 9 10 0 0 6 7 4 8 6 6 0 0 6 9 3 9 0 0 0 0 9 10 0 0 0 0 
9 10 2 8 
0.0 59.0 52.0 74.0 91.0 25.0 80.0 84.0 90.0 56.0 18.0 9.0 58.0 46.0 74.0 14.0 20.0 99.0 36.0 55.0 109.0 55.0 115.0 19.0 76.0 90.0 91.0 25.0 59.0 0.0 53.0 70.0 47.0 34.0 47.0 33.0 32.0 62.0 60.0 51.0 18.0 46.0 16.0 47.0 44.0 41.0 39.0 47.0 70.0 5.0 74.0 60.0 63.0 47.0 47.0 34.0 52.0 53.0 0.0 24.0 53.0 47.0 36.0 55.0 79.0 10.0 37.0 48.0 66.0 9.0 59.0 51.0 34.0 82.0 66.0 9.0 64.0 53.0 71.0 67.0 25.0 52.0 53.0 47.0 74.0 70.0 24.0 0.0 53.0 70.0 36.0 62.0 92.0 19.0 58.0 71.0 85.0 32.0 72.0 75.0 58.0 91.0 89.0 25.0 55.0 71.0 63.0 90.0 12.0 52.0 53.0 70.0 91.0 47.0 53.0 53.0 0.0 71.0 18.0 17.0 50.0 59.0 82.0 84.0 63.0 52.0 37.0 83.0 71.0 43.0 83.0 45.0 24.0 51.0 28.0 99.0 42.0 2.0 0.0 71.0 25.0 34.0 47.0 70.0 71.0 0.0 64.0 62.0 65.0 54.0 31.0 18.0 34.0 38.0 50.0 13.0 17.0 75.0 20.0 46.0 92.0 30.0 98.0 28.0 68.0 71.0 71.0 0.0 80.0 47.0 36.0 36.0 18.0 64.0 0.0 27.0 60.0 42.0 69.0 73.0 65.0 37.0 43.0 74.0 60.0 57.0 79.0 29.0 30.0 51.0 37.0 90.0 25.0 17.0 18.0 64.0 84.0 33.0 55.0 62.0 17.0 62.0 27.0 0.0 34.0 62.0 78.0 76.0 48.0 52.0 21.0 74.0 65.0 30.0 71.0 47.0 40.0 38.0 42.0 89.0 51.0 18.0 17.0 62.0 90.0 32.0 79.0 92.0 50.0 65.0 60.0 34.0 0.0 88.0 91.0 82.0 35.0 73.0 21.0 77.0 75.0 15.0 63.0 72.0 71.0 36.0 72.0 88.0 82.0 51.0 50.0 65.0 56.0 62.0 10.0 19.0 59.0 54.0 42.0 62.0 88.0 0.0 39.0 53.0 75.0 17.0 68.0 58.0 41.0 90.0 74.0 17.0 67.0 62.0 75.0 73.0 24.0 58.0 59.0 54.0 18.0 60.0 37.0 58.0 82.0 31.0 69.0 78.0 91.0 39.0 0.0 19.0 64.0 33.0 73.0 26.0 16.0 99.0 48.0 42.0 98.0 56.0 105.0 37.0 61.0 82.0 82.0 31.0 9.0 51.0 48.0 71.0 84.0 18.0 73.0 76.0 82.0 53.0 19.0 0.0 51.0 41.0 66.0 8.0 14.0 91.0 30.0 50.0 102.0 47.0 109.0 20.0 72.0 83.0 84.0 18.0 58.0 18.0 66.0 85.0 63.0 34.0 65.0 48.0 35.0 75.0 64.0 51.0 0.0 58.0 29.0 45.0 48.0 48.0 29.0 61.0 87.0 15.0 90.0 54.0 79.0 64.0 63.0 34.0 46.0 46.0 9.0 32.0 52.0 38.0 37.0 52.0 73.0 17.0 33.0 41.0 58.0 0.0 53.0 44.0 27.0 77.0 58.0 10.0 66.0 45.0 73.0 60.0 31.0 51.0 52.0 38.0 74.0 16.0 59.0 72.0 37.0 50.0 43.0 21.0 21.0 68.0 73.0 66.0 29.0 53.0 0.0 62.0 58.0 26.0 54.0 52.0 60.0 21.0 63.0 76.0 63.0 38.0 37.0 50.0 14.0 47.0 51.0 75.0 83.0 13.0 74.0 74.0 77.0 58.0 26.0 8.0 45.0 44.0 62.0 0.0 18.0 87.0 23.0 53.0 103.0 42.0 109.0 17.0 74.0 83.0 83.0 13.0 20.0 44.0 34.0 58.0 71.0 17.0 60.0 65.0 75.0 41.0 16.0 14.0 48.0 27.0 58.0 18.0 0.0 84.0 36.0 36.0 89.0 41.0 96.0 33.0 58.0 71.0 71.0 17.0 99.0 41.0 82.0 91.0 43.0 75.0 57.0 30.0 15.0 90.0 99.0 91.0 48.0 77.0 26.0 87.0 84.0 0.0 76.0 74.0 62.0 46.0 61.0 100.0 81.0 45.0 43.0 75.0 36.0 39.0 66.0 89.0 83.0 20.0 79.0 71.0 63.0 74.0 48.0 30.0 29.0 58.0 54.0 23.0 36.0 76.0 0.0 65.0 105.0 34.0 110.0 27.0 86.0 83.0 83.0 20.0 55.0 47.0 9.0 25.0 45.0 46.0 29.0 47.0 72.0 17.0 42.0 50.0 61.0 10.0 52.0 53.0 36.0 74.0 65.0 0.0 57.0 48.0 64.0 69.0 22.0 44.0 45.0 46.0 109.0 70.0 64.0 55.0 24.0 92.0 30.0 40.0 71.0 67.0 98.0 102.0 87.0 66.0 60.0 103.0 89.0 62.0 105.0 57.0 0.0 74.0 9.0 119.0 44.0 23.0 24.0 92.0 55.0 5.0 53.0 71.0 51.0 30.0 51.0 38.0 36.0 62.0 56.0 47.0 15.0 45.0 21.0 42.0 41.0 46.0 34.0 48.0 74.0 0.0 78.0 55.0 65.0 52.0 51.0 30.0 115.0 74.0 71.0 63.0 28.0 98.0 37.0 42.0 72.0 75.0 105.0 109.0 90.0 73.0 63.0 109.0 96.0 61.0 110.0 64.0 9.0 78.0 0.0 125.0 52.0 27.0 28.0 98.0 19.0 60.0 67.0 90.0 99.0 28.0 90.0 89.0 88.0 73.0 37.0 20.0 54.0 60.0 76.0 17.0 33.0 100.0 27.0 69.0 119.0 55.0 125.0 0.0 91.0 99.0 99.0 28.0 76.0 63.0 25.0 12.0 42.0 68.0 25.0 51.0 82.0 24.0 61.0 72.0 79.0 31.0 63.0 74.0 58.0 81.0 86.0 22.0 44.0 65.0 52.0 91.0 0.0 40.0 42.0 68.0 90.0 47.0 52.0 52.0 2.0 71.0 17.0 18.0 51.0 58.0 82.0 83.0 64.0 51.0 38.0 83.0 71.0 45.0 83.0 44.0 23.0 52.0 27.0 99.0 40.0 0.0 2.0 71.0 91.0 47.0 53.0 53.0 0.0 71.0 18.0 17.0 50.0 59.0 82.0 84.0 63.0 52.0 37.0 83.0 71.0 43.0 83.0 45.0 24.0 51.0 28.0 99.0 42.0 2.0 0.0 71.0 25.0 34.0 47.0 70.0 71.0 0.0 64.0 62.0 65.0 54.0 31.0 18.0 34.0 38.0 50.0 13.0 17.0 75.0 20.0 46.0 92.0 30.0 98.0 28.0 68.0 71.0 71.0 0.0 
8 7 14 7 
75 0 68 58 29 23 6 26 25 75 75 25 21 58 41 76 72 89 22 17 57 0 74 8 85 57 37 25 61 72 79 13 62 15 61 98 94 30 30 31 2 80 71 54 1 88 93 4 9 37 24 74 25 75 75 25 