4 20 2 4 3 153 65 306 125 10 21
30 17 0 0 23 19 0 0 0 0 14 20 0 0 23 31 
4 0 0 0 1 4 0 5 1 4 0 3 5 2 3 0 4 0 0 0 4 0 0 0 0 1 5 0 0 0 0 3 5 0 0 5 0 2 0 5 2 0 4 0 4 2 2 4 0 0 0 1 0 0 0 4 0 5 0 5 0 1 1 0 0 3 2 2 0 1 5 0 0 4 5 0 2 0 1 0 
1 1 0 0 1 0 1 0 1 0 0 0 0 1 1 1 1 0 1 0 0 1 0 1 1 0 1 0 0 0 1 1 0 1 0 1 0 1 0 1 
1 1 1 1 1 1 1 1 1 1 1 1 1 1 1 1 1 1 1 1 1 1 1 1 1 1 1 1 1 1 1 1 1 1 1 1 1 1 1 1 1 1 1 1 1 1 1 1 1 1 1 1 1 1 1 1 1 1 1 1 1 1 1 1 1 1 1 1 1 1 1 1 1 1 1 1 1 1 1 1 1 1 1 1 1 1 1 1 1 1 1 1 1 1 1 1 1 1 1 1 1 1 1 1 1 1 1 1 1 1 1 1 1 1 1 1 1 1 1 1 1 1 1 1 1 1 1 1 1 1 1 1 1 1 1 1 1 1 1 1 1 1 1 1 1 1 1 1 1 1 1 1 1 1 1 1 1 1 1 1 1 1 1 1 1 1 1 1 1 1 1 1 1 1 1 1 1 1 1 1 1 1 1 1 1 1 1 1 1 1 1 1 1 1 1 1 1 1 1 1 
10 10 0 0 0 0 0 0 5 6 2 2 0 0 5 7 8 10 8 9 0 0 9 10 4 8 5 10 1 5 0 0 7 8 0 0 0 0 0 0 1 2 0 0 0 0 0 0 0 0 6 7 9 10 0 0 0 0 0 0 0 0 6 10 7 9 0 0 0 0 9 10 0 0 7 8 0 0 6 9 5 10 0 0 6 9 0 0 8 10 4 6 7 7 8 8 0 0 0 0 0 0 9 10 0 0 0 0 0 0 10 10 0 0 6 7 0 0 4 7 0 0 9 10 4 9 0 0 0 0 4 10 9 10 7 8 0 0 2 2 10 10 0 0 0 0 1 6 8 9 0 0 3 9 0 0 9 10 0 0 
6 10 8 5 
0.0 97.0 18.0 75.0 5.0 66.0 16.0 25.0 20.0 54.0 42.0 31.0 23.0 70.0 54.0 57.0 43.0 32.0 41.0 74.0 64.0 29.0 43.0 18.0 24.0 29.0 5.0 66.0 97.0 0.0 111.0 23.0 102.0 31.0 86.0 93.0 115.0 64.0 74.0 92.0 75.0 62.0 74.0 53.0 92.0 128.0 69.0 57.0 63.0 117.0 58.0 87.0 75.0 111.0 102.0 31.0 18.0 111.0 0.0 91.0 13.0 81.0 26.0 40.0 5.0 61.0 49.0 46.0 37.0 87.0 58.0 74.0 42.0 23.0 49.0 81.0 71.0 32.0 60.0 25.0 37.0 17.0 13.0 81.0 75.0 23.0 91.0 0.0 80.0 12.0 66.0 70.0 94.0 52.0 59.0 69.0 55.0 44.0 62.0 31.0 77.0 106.0 53.0 52.0 54.0 94.0 35.0 68.0 56.0 92.0 80.0 12.0 5.0 102.0 13.0 80.0 0.0 71.0 20.0 27.0 15.0 58.0 46.0 33.0 28.0 74.0 57.0 62.0 44.0 27.0 45.0 77.0 67.0 26.0 48.0 21.0 29.0 27.0 0.0 71.0 66.0 31.0 81.0 12.0 71.0 0.0 56.0 65.0 84.0 40.0 47.0 64.0 45.0 48.0 50.0 32.0 65.0 97.0 41.0 42.0 43.0 87.0 30.0 57.0 45.0 81.0 71.0 0.0 16.0 86.0 26.0 66.0 20.0 56.0 0.0 35.0 30.0 38.0 26.0 41.0 12.0 70.0 38.0 55.0 29.0 46.0 25.0 58.0 48.0 45.0 40.0 3.0 11.0 27.0 20.0 56.0 25.0 93.0 40.0 70.0 27.0 65.0 35.0 0.0 40.0 67.0 58.0 7.0 34.0 51.0 70.0 44.0 64.0 43.0 55.0 85.0 77.0 25.0 35.0 38.0 37.0 53.0 27.0 65.0 20.0 115.0 5.0 94.0 15.0 84.0 30.0 40.0 0.0 65.0 53.0 46.0 40.0 88.0 62.0 76.0 45.0 19.0 53.0 85.0 75.0 29.0 63.0 29.0 40.0 20.0 15.0 84.0 54.0 64.0 61.0 52.0 58.0 40.0 38.0 67.0 65.0 0.0 14.0 70.0 34.0 79.0 10.0 60.0 30.0 83.0 14.0 20.0 10.0 82.0 48.0 38.0 32.0 54.0 58.0 40.0 42.0 74.0 49.0 59.0 46.0 47.0 26.0 58.0 53.0 14.0 0.0 63.0 25.0 79.0 12.0 60.0 19.0 70.0 7.0 33.0 23.0 71.0 46.0 26.0 22.0 41.0 46.0 47.0 31.0 92.0 46.0 69.0 33.0 64.0 41.0 7.0 46.0 70.0 63.0 0.0 38.0 47.0 74.0 42.0 69.0 48.0 58.0 88.0 80.0 29.0 35.0 43.0 41.0 59.0 33.0 64.0 23.0 75.0 37.0 55.0 28.0 45.0 12.0 34.0 40.0 34.0 25.0 38.0 0.0 60.0 36.0 44.0 35.0 55.0 21.0 53.0 44.0 49.0 29.0 14.0 3.0 39.0 28.0 45.0 70.0 62.0 87.0 44.0 74.0 48.0 70.0 51.0 88.0 79.0 79.0 47.0 60.0 0.0 87.0 20.0 94.0 93.0 73.0 88.0 85.0 75.0 33.0 73.0 63.0 96.0 74.0 48.0 54.0 74.0 58.0 62.0 57.0 50.0 38.0 70.0 62.0 10.0 12.0 74.0 36.0 87.0 0.0 68.0 22.0 80.0 16.0 25.0 15.0 82.0 55.0 37.0 34.0 48.0 57.0 50.0 57.0 53.0 74.0 31.0 62.0 32.0 55.0 44.0 76.0 60.0 60.0 42.0 44.0 20.0 68.0 0.0 75.0 85.0 54.0 69.0 66.0 69.0 16.0 56.0 46.0 81.0 62.0 32.0 43.0 92.0 42.0 77.0 44.0 65.0 29.0 64.0 45.0 30.0 19.0 69.0 35.0 94.0 22.0 75.0 0.0 64.0 25.0 47.0 36.0 69.0 61.0 27.0 32.0 29.0 44.0 65.0 32.0 128.0 23.0 106.0 27.0 97.0 46.0 43.0 19.0 83.0 70.0 48.0 55.0 93.0 80.0 85.0 64.0 0.0 70.0 103.0 92.0 22.0 73.0 46.0 55.0 37.0 27.0 97.0 41.0 69.0 49.0 53.0 45.0 41.0 25.0 55.0 53.0 14.0 7.0 58.0 21.0 73.0 16.0 54.0 25.0 70.0 0.0 33.0 24.0 69.0 40.0 25.0 19.0 44.0 45.0 41.0 74.0 57.0 81.0 52.0 77.0 42.0 58.0 85.0 85.0 20.0 33.0 88.0 53.0 88.0 25.0 69.0 47.0 103.0 33.0 0.0 11.0 101.0 60.0 58.0 51.0 73.0 77.0 42.0 64.0 63.0 71.0 54.0 67.0 43.0 48.0 77.0 75.0 10.0 23.0 80.0 44.0 85.0 15.0 66.0 36.0 92.0 24.0 11.0 0.0 92.0 56.0 47.0 42.0 62.0 67.0 43.0 29.0 117.0 32.0 94.0 26.0 87.0 45.0 25.0 29.0 82.0 71.0 29.0 49.0 75.0 82.0 69.0 69.0 22.0 69.0 101.0 92.0 0.0 60.0 46.0 51.0 49.0 26.0 87.0 43.0 58.0 60.0 35.0 48.0 30.0 40.0 35.0 63.0 48.0 46.0 35.0 29.0 33.0 55.0 16.0 61.0 73.0 40.0 60.0 56.0 60.0 0.0 42.0 31.0 66.0 48.0 30.0 18.0 87.0 25.0 68.0 21.0 57.0 3.0 38.0 29.0 38.0 26.0 43.0 14.0 73.0 37.0 56.0 27.0 46.0 25.0 58.0 47.0 46.0 42.0 0.0 13.0 25.0 21.0 57.0 24.0 75.0 37.0 56.0 29.0 45.0 11.0 37.0 40.0 32.0 22.0 41.0 3.0 63.0 34.0 46.0 32.0 55.0 19.0 51.0 42.0 51.0 31.0 13.0 0.0 37.0 29.0 45.0 29.0 111.0 17.0 92.0 27.0 81.0 27.0 53.0 20.0 54.0 41.0 59.0 39.0 96.0 48.0 81.0 29.0 37.0 44.0 73.0 62.0 49.0 66.0 25.0 37.0 0.0 27.0 81.0 5.0 102.0 13.0 80.0 0.0 71.0 20.0 27.0 15.0 58.0 46.0 33.0 28.0 74.0 57.0 62.0 44.0 27.0 45.0 77.0 67.0 26.0 48.0 21.0 29.0 27.0 0.0 71.0 66.0 31.0 81.0 12.0 71.0 0.0 56.0 65.0 84.0 40.0 47.0 64.0 45.0 48.0 50.0 32.0 65.0 97.0 41.0 42.0 43.0 87.0 30.0 57.0 45.0 81.0 71.0 0.0 
11 3 9 2 
29 72 98 5 12 75 87 25 25 75 75 25 29 56 50 84 11 79 36 19 29 30 56 86 40 52 98 67 26 19 83 55 11 34 10 97 35 32 42 0 36 9 31 100 68 54 27 55 38 50 3 61 25 75 75 25 