4 20 2 4 3 163 65 325 125 10 21
18 31 0 0 19 23 0 0 0 0 37 22 0 0 29 15 
0 2 2 0 0 1 0 0 0 5 5 0 1 0 5 0 3 5 4 0 3 5 4 5 2 0 0 5 1 0 0 0 2 0 0 0 0 0 0 2 0 2 4 0 3 0 2 0 4 4 0 0 0 5 3 0 4 5 0 0 0 3 1 3 0 0 4 5 0 0 2 0 0 5 4 0 0 1 1 2 
1 0 1 1 0 1 1 1 0 1 1 1 1 0 1 0 1 0 1 1 1 0 1 1 1 1 0 0 0 1 0 0 1 1 0 1 1 0 0 0 
1 1 1 1 1 1 1 1 1 1 1 1 1 1 1 1 1 1 1 1 1 1 1 1 1 1 1 1 1 1 1 1 1 1 1 1 1 1 1 1 1 1 1 1 1 1 1 1 1 1 1 1 1 1 1 1 1 1 1 1 1 1 1 1 1 1 1 1 1 1 1 1 1 1 1 1 1 1 1 1 1 1 1 1 1 1 1 1 1 1 1 1 1 1 1 1 1 1 1 1 1 1 1 1 1 1 1 1 1 1 1 1 1 1 1 1 1 1 1 1 1 1 1 1 1 1 1 1 1 1 1 1 1 1 1 1 1 1 1 1 1 1 1 1 1 1 1 1 1 1 1 1 1 1 1 1 1 1 1 1 1 1 1 1 1 1 1 1 1 1 1 1 1 1 1 1 1 1 1 1 1 1 1 1 1 1 1 1 1 1 1 1 1 1 1 1 1 1 1 1 
0 0 10 10 10 10 0 0 0 0 7 10 0 0 0 0 0 0 9 10 3 8 0 0 2 8 0 0 7 9 0 0 10 10 6 7 8 10 0 0 7 7 10 10 6 9 7 8 6 9 0 0 0 0 6 8 5 9 0 0 0 0 0 0 10 10 0 0 0 0 0 0 0 0 0 0 0 0 4 8 0 0 2 6 8 10 0 0 6 10 0 0 5 7 0 0 6 10 7 8 0 0 0 0 0 0 1 2 8 10 0 0 1 9 3 10 0 0 0 0 0 0 6 7 10 10 10 10 0 0 0 0 9 10 8 9 0 0 0 0 9 10 0 0 0 0 8 9 7 10 0 0 0 0 7 10 4 5 8 10 
4 8 9 4 
0.0 38.0 74.0 37.0 32.0 40.0 50.0 33.0 45.0 14.0 46.0 46.0 22.0 35.0 37.0 15.0 30.0 50.0 32.0 51.0 49.0 57.0 45.0 5.0 45.0 28.0 32.0 40.0 38.0 0.0 106.0 29.0 28.0 74.0 80.0 69.0 11.0 33.0 9.0 82.0 58.0 23.0 31.0 39.0 56.0 31.0 27.0 87.0 39.0 93.0 31.0 34.0 69.0 18.0 28.0 74.0 74.0 106.0 0.0 111.0 105.0 34.0 27.0 43.0 109.0 74.0 114.0 62.0 67.0 91.0 110.0 67.0 51.0 99.0 85.0 64.0 90.0 34.0 94.0 78.0 95.0 102.0 105.0 34.0 37.0 29.0 111.0 0.0 6.0 77.0 87.0 69.0 39.0 43.0 32.0 70.0 49.0 47.0 3.0 48.0 65.0 58.0 48.0 75.0 64.0 90.0 57.0 33.0 47.0 14.0 6.0 77.0 32.0 28.0 105.0 6.0 0.0 71.0 81.0 63.0 38.0 37.0 32.0 66.0 44.0 44.0 6.0 43.0 60.0 56.0 45.0 70.0 61.0 85.0 54.0 28.0 44.0 11.0 0.0 71.0 40.0 74.0 34.0 77.0 71.0 0.0 13.0 12.0 77.0 41.0 82.0 41.0 35.0 61.0 76.0 35.0 22.0 72.0 55.0 45.0 64.0 26.0 67.0 44.0 66.0 68.0 71.0 0.0 50.0 80.0 27.0 87.0 81.0 13.0 0.0 25.0 82.0 48.0 87.0 53.0 48.0 64.0 86.0 41.0 24.0 73.0 58.0 57.0 64.0 34.0 68.0 54.0 79.0 76.0 81.0 13.0 33.0 69.0 43.0 69.0 63.0 12.0 25.0 0.0 74.0 38.0 77.0 31.0 24.0 60.0 68.0 32.0 24.0 72.0 54.0 36.0 66.0 26.0 67.0 37.0 55.0 61.0 63.0 12.0 45.0 11.0 109.0 39.0 38.0 77.0 82.0 74.0 0.0 37.0 11.0 90.0 66.0 20.0 41.0 43.0 58.0 23.0 25.0 95.0 32.0 99.0 24.0 42.0 79.0 28.0 38.0 77.0 14.0 33.0 74.0 43.0 37.0 41.0 48.0 38.0 37.0 0.0 41.0 57.0 34.0 24.0 43.0 7.0 25.0 37.0 19.0 63.0 35.0 63.0 33.0 15.0 58.0 30.0 37.0 41.0 46.0 9.0 114.0 32.0 32.0 82.0 87.0 77.0 11.0 41.0 0.0 90.0 66.0 28.0 34.0 48.0 64.0 33.0 33.0 95.0 42.0 102.0 34.0 43.0 75.0 23.0 32.0 82.0 46.0 82.0 62.0 70.0 66.0 41.0 53.0 31.0 90.0 57.0 90.0 0.0 25.0 80.0 69.0 53.0 54.0 94.0 76.0 6.0 91.0 30.0 89.0 48.0 36.0 69.0 66.0 41.0 22.0 58.0 67.0 49.0 44.0 35.0 48.0 24.0 66.0 34.0 66.0 25.0 0.0 56.0 48.0 31.0 37.0 70.0 52.0 30.0 68.0 42.0 66.0 24.0 33.0 45.0 44.0 35.0 35.0 23.0 91.0 47.0 44.0 61.0 64.0 60.0 20.0 24.0 28.0 80.0 56.0 0.0 48.0 29.0 41.0 15.0 7.0 86.0 18.0 85.0 11.0 35.0 77.0 33.0 44.0 61.0 37.0 31.0 110.0 3.0 6.0 76.0 86.0 68.0 41.0 43.0 34.0 69.0 48.0 48.0 0.0 48.0 65.0 60.0 50.0 73.0 65.0 89.0 58.0 33.0 45.0 16.0 6.0 76.0 15.0 39.0 67.0 48.0 43.0 35.0 41.0 32.0 43.0 7.0 48.0 53.0 31.0 29.0 48.0 0.0 18.0 42.0 23.0 59.0 38.0 57.0 37.0 18.0 58.0 36.0 43.0 35.0 30.0 56.0 51.0 65.0 60.0 22.0 24.0 24.0 58.0 25.0 64.0 54.0 37.0 41.0 65.0 18.0 0.0 51.0 34.0 58.0 43.0 47.0 46.0 34.0 69.0 54.0 60.0 22.0 50.0 31.0 99.0 58.0 56.0 72.0 73.0 72.0 23.0 37.0 33.0 94.0 70.0 15.0 60.0 42.0 51.0 0.0 19.0 99.0 12.0 96.0 5.0 49.0 91.0 45.0 56.0 72.0 32.0 27.0 85.0 48.0 45.0 55.0 58.0 54.0 25.0 19.0 33.0 76.0 52.0 7.0 50.0 23.0 34.0 19.0 0.0 81.0 18.0 79.0 14.0 32.0 75.0 34.0 45.0 55.0 51.0 87.0 64.0 75.0 70.0 45.0 57.0 36.0 95.0 63.0 95.0 6.0 30.0 86.0 73.0 59.0 58.0 99.0 81.0 0.0 96.0 31.0 95.0 54.0 38.0 73.0 70.0 45.0 49.0 39.0 90.0 64.0 61.0 64.0 64.0 66.0 32.0 35.0 42.0 91.0 68.0 18.0 65.0 38.0 43.0 12.0 18.0 96.0 0.0 90.0 9.0 49.0 92.0 50.0 61.0 64.0 57.0 93.0 34.0 90.0 85.0 26.0 34.0 26.0 99.0 63.0 102.0 30.0 42.0 85.0 89.0 57.0 47.0 96.0 79.0 31.0 90.0 0.0 91.0 61.0 65.0 84.0 85.0 26.0 45.0 31.0 94.0 57.0 54.0 67.0 68.0 67.0 24.0 33.0 34.0 89.0 66.0 11.0 58.0 37.0 46.0 5.0 14.0 95.0 9.0 91.0 0.0 45.0 88.0 43.0 54.0 67.0 5.0 34.0 78.0 33.0 28.0 44.0 54.0 37.0 42.0 15.0 43.0 48.0 24.0 35.0 33.0 18.0 34.0 49.0 32.0 54.0 49.0 61.0 45.0 0.0 44.0 24.0 28.0 44.0 45.0 69.0 95.0 47.0 44.0 66.0 79.0 55.0 79.0 58.0 75.0 36.0 33.0 77.0 45.0 58.0 69.0 91.0 75.0 38.0 92.0 65.0 88.0 44.0 0.0 52.0 44.0 66.0 28.0 18.0 102.0 14.0 11.0 68.0 76.0 61.0 28.0 30.0 23.0 69.0 45.0 33.0 16.0 36.0 54.0 45.0 34.0 73.0 50.0 84.0 43.0 24.0 52.0 0.0 11.0 68.0 32.0 28.0 105.0 6.0 0.0 71.0 81.0 63.0 38.0 37.0 32.0 66.0 44.0 44.0 6.0 43.0 60.0 56.0 45.0 70.0 61.0 85.0 54.0 28.0 44.0 11.0 0.0 71.0 40.0 74.0 34.0 77.0 71.0 0.0 13.0 12.0 77.0 41.0 82.0 41.0 35.0 61.0 76.0 35.0 22.0 72.0 55.0 45.0 64.0 26.0 67.0 44.0 66.0 68.0 71.0 0.0 
14 7 3 3 
49 55 46 92 98 0 21 79 25 75 75 25 88 25 64 26 54 99 60 63 44 100 37 11 42 35 67 85 20 77 63 57 77 46 76 96 69 79 35 6 84 88 65 1 76 91 46 58 10 34 35 79 25 75 75 25 