4 20 2 4 3 115 65 230 125 10 21
12 26 0 0 11 27 0 0 0 0 16 29 0 0 27 18 
4 0 2 2 0 0 1 3 0 0 0 3 5 0 0 0 1 2 3 0 0 0 1 0 0 3 0 4 4 0 2 5 1 0 4 4 0 4 2 0 2 5 0 4 1 4 4 0 0 4 0 0 1 3 3 1 0 3 0 0 0 4 2 0 0 3 3 4 0 3 0 0 0 4 3 0 1 3 0 4 
0 0 1 0 0 1 0 0 0 0 0 1 0 1 0 0 1 0 0 1 1 0 1 1 0 1 0 1 1 0 0 0 0 0 0 1 1 1 1 0 
1 1 1 1 1 1 1 1 1 1 1 1 1 1 1 1 1 1 1 1 1 1 1 1 1 1 1 1 1 1 1 1 1 1 1 1 1 1 1 1 1 1 1 1 1 1 1 1 1 1 1 1 1 1 1 1 1 1 1 1 1 1 1 1 1 1 1 1 1 1 1 1 1 1 1 1 1 1 1 1 1 1 1 1 1 1 1 1 1 1 1 1 1 1 1 1 1 1 1 1 1 1 1 1 1 1 1 1 1 1 1 1 1 1 1 1 1 1 1 1 1 1 1 1 1 1 1 1 1 1 1 1 1 1 1 1 1 1 1 1 1 1 1 1 1 1 1 1 1 1 1 1 1 1 1 1 1 1 1 1 1 1 1 1 1 1 1 1 1 1 1 1 1 1 1 1 1 1 1 1 1 1 1 1 1 1 1 1 1 1 1 1 1 1 1 1 1 1 1 1 
1 10 0 0 4 4 10 10 0 0 0 0 1 3 3 6 0 0 0 0 0 0 4 5 4 6 0 0 0 0 0 0 8 9 9 10 9 9 0 0 0 0 0 0 7 9 0 0 0 0 10 10 0 0 2 9 8 10 0 0 9 10 9 10 3 5 0 0 6 6 10 10 0 0 4 7 6 10 0 0 7 8 1 10 0 0 8 9 6 7 8 10 3 3 0 0 0 0 2 4 0 0 0 0 9 10 3 3 9 10 8 10 0 0 3 5 0 0 0 0 0 0 2 8 10 10 0 0 0 0 4 7 2 2 5 6 0 0 4 7 0 0 0 0 0 0 5 10 8 9 0 0 6 7 10 10 0 0 8 9 
1 7 8 9 
0.0 43.0 26.0 92.0 68.0 18.0 43.0 44.0 57.0 60.0 28.0 38.0 13.0 43.0 37.0 42.0 80.0 32.0 45.0 55.0 21.0 49.0 73.0 43.0 74.0 35.0 68.0 18.0 43.0 0.0 27.0 76.0 51.0 33.0 31.0 27.0 69.0 68.0 40.0 63.0 55.0 15.0 23.0 11.0 55.0 26.0 63.0 73.0 42.0 9.0 65.0 62.0 37.0 29.0 51.0 33.0 26.0 27.0 0.0 96.0 70.0 9.0 18.0 18.0 75.0 75.0 14.0 60.0 39.0 35.0 37.0 32.0 78.0 35.0 65.0 75.0 39.0 29.0 81.0 63.0 63.0 10.0 70.0 9.0 92.0 76.0 96.0 0.0 26.0 97.0 106.0 102.0 55.0 48.0 108.0 74.0 96.0 62.0 60.0 66.0 24.0 63.0 62.0 64.0 73.0 81.0 23.0 65.0 53.0 102.0 26.0 97.0 68.0 51.0 70.0 26.0 0.0 71.0 81.0 77.0 43.0 37.0 83.0 56.0 73.0 37.0 34.0 41.0 17.0 37.0 46.0 51.0 50.0 57.0 18.0 48.0 36.0 77.0 0.0 71.0 18.0 33.0 9.0 97.0 71.0 0.0 25.0 26.0 71.0 72.0 13.0 54.0 30.0 39.0 37.0 36.0 81.0 35.0 60.0 70.0 34.0 37.0 80.0 58.0 68.0 17.0 71.0 0.0 43.0 31.0 18.0 106.0 81.0 25.0 0.0 5.0 91.0 91.0 21.0 77.0 55.0 44.0 49.0 40.0 86.0 48.0 81.0 91.0 55.0 29.0 93.0 79.0 65.0 9.0 81.0 25.0 44.0 27.0 18.0 102.0 77.0 26.0 5.0 0.0 89.0 89.0 24.0 76.0 56.0 40.0 46.0 36.0 82.0 46.0 79.0 90.0 54.0 24.0 90.0 78.0 61.0 10.0 77.0 26.0 57.0 69.0 75.0 55.0 43.0 71.0 91.0 89.0 0.0 7.0 82.0 24.0 55.0 57.0 47.0 60.0 59.0 45.0 13.0 9.0 37.0 78.0 33.0 15.0 74.0 84.0 43.0 71.0 60.0 68.0 75.0 48.0 37.0 72.0 91.0 89.0 7.0 0.0 84.0 29.0 59.0 55.0 45.0 58.0 53.0 44.0 18.0 16.0 39.0 76.0 26.0 20.0 69.0 84.0 37.0 72.0 28.0 40.0 14.0 108.0 83.0 13.0 21.0 24.0 82.0 84.0 0.0 64.0 38.0 49.0 49.0 45.0 92.0 46.0 71.0 81.0 45.0 42.0 92.0 69.0 76.0 15.0 83.0 13.0 38.0 63.0 60.0 74.0 56.0 54.0 77.0 76.0 24.0 29.0 64.0 0.0 32.0 54.0 43.0 56.0 72.0 39.0 12.0 18.0 22.0 72.0 51.0 9.0 79.0 69.0 56.0 54.0 13.0 55.0 39.0 96.0 73.0 30.0 55.0 56.0 55.0 59.0 38.0 32.0 0.0 53.0 46.0 53.0 87.0 41.0 42.0 50.0 24.0 62.0 75.0 40.0 84.0 47.0 73.0 30.0 43.0 15.0 35.0 62.0 37.0 39.0 44.0 40.0 57.0 55.0 49.0 54.0 53.0 0.0 11.0 5.0 44.0 15.0 52.0 61.0 34.0 23.0 51.0 51.0 32.0 40.0 37.0 39.0 37.0 23.0 37.0 60.0 34.0 37.0 49.0 46.0 47.0 45.0 49.0 43.0 46.0 11.0 0.0 14.0 45.0 6.0 41.0 51.0 25.0 32.0 45.0 40.0 39.0 43.0 34.0 37.0 42.0 11.0 32.0 66.0 41.0 36.0 40.0 36.0 60.0 58.0 45.0 56.0 53.0 5.0 14.0 0.0 47.0 18.0 54.0 64.0 36.0 19.0 55.0 54.0 33.0 37.0 41.0 36.0 80.0 55.0 78.0 24.0 17.0 81.0 86.0 82.0 59.0 53.0 92.0 72.0 87.0 44.0 45.0 47.0 0.0 49.0 63.0 68.0 64.0 60.0 30.0 64.0 29.0 83.0 17.0 81.0 32.0 26.0 35.0 63.0 37.0 35.0 48.0 46.0 45.0 44.0 46.0 39.0 41.0 15.0 6.0 18.0 49.0 0.0 38.0 48.0 20.0 35.0 46.0 37.0 44.0 43.0 37.0 35.0 45.0 63.0 65.0 62.0 46.0 60.0 81.0 79.0 13.0 18.0 71.0 12.0 42.0 52.0 41.0 54.0 63.0 38.0 0.0 11.0 27.0 72.0 40.0 3.0 73.0 74.0 46.0 60.0 55.0 73.0 75.0 64.0 51.0 70.0 91.0 90.0 9.0 16.0 81.0 18.0 50.0 61.0 51.0 64.0 68.0 48.0 11.0 0.0 37.0 82.0 42.0 12.0 81.0 84.0 51.0 70.0 21.0 42.0 39.0 73.0 50.0 34.0 55.0 54.0 37.0 39.0 45.0 22.0 24.0 34.0 25.0 36.0 64.0 20.0 27.0 37.0 0.0 50.0 52.0 25.0 63.0 48.0 50.0 34.0 49.0 9.0 29.0 81.0 57.0 37.0 29.0 24.0 78.0 76.0 42.0 72.0 62.0 23.0 32.0 19.0 60.0 35.0 72.0 82.0 50.0 0.0 72.0 71.0 38.0 29.0 57.0 37.0 73.0 65.0 81.0 23.0 18.0 80.0 93.0 90.0 33.0 26.0 92.0 51.0 75.0 51.0 45.0 55.0 30.0 46.0 40.0 42.0 52.0 72.0 0.0 42.0 53.0 88.0 18.0 80.0 43.0 62.0 63.0 65.0 48.0 58.0 79.0 78.0 15.0 20.0 69.0 9.0 40.0 51.0 40.0 54.0 64.0 37.0 3.0 12.0 25.0 71.0 42.0 0.0 74.0 72.0 48.0 58.0 74.0 37.0 63.0 53.0 36.0 68.0 65.0 61.0 74.0 69.0 76.0 79.0 84.0 32.0 39.0 33.0 29.0 44.0 73.0 81.0 63.0 38.0 53.0 74.0 0.0 65.0 36.0 68.0 35.0 29.0 10.0 102.0 77.0 17.0 9.0 10.0 84.0 84.0 15.0 69.0 47.0 40.0 43.0 37.0 83.0 43.0 74.0 84.0 48.0 29.0 88.0 72.0 65.0 0.0 77.0 17.0 68.0 51.0 70.0 26.0 0.0 71.0 81.0 77.0 43.0 37.0 83.0 56.0 73.0 37.0 34.0 41.0 17.0 37.0 46.0 51.0 50.0 57.0 18.0 48.0 36.0 77.0 0.0 71.0 18.0 33.0 9.0 97.0 71.0 0.0 25.0 26.0 71.0 72.0 13.0 54.0 30.0 39.0 37.0 36.0 81.0 35.0 60.0 70.0 34.0 37.0 80.0 58.0 68.0 17.0 71.0 0.0 
6 2 11 1 
83 41 43 28 68 20 9 95 25 75 75 25 62 4 58 6 63 94 56 94 80 14 80 78 93 49 41 42 48 50 42 38 9 71 53 51 70 84 72 94 71 58 39 20 31 91 72 82 10 43 66 11 25 75 75 25 