4 20 2 4 3 181 125 362 250 5 21
25 26 0 0 31 24 0 0 0 0 17 25 0 0 21 25 
5 0 0 0 1 2 3 0 5 0 4 1 0 0 0 1 0 3 0 4 5 0 2 0 1 0 0 2 0 0 1 5 0 5 2 1 4 0 2 3 1 3 0 1 5 0 0 1 0 4 2 0 0 0 0 1 1 0 0 3 0 0 1 0 0 3 5 3 2 0 0 0 0 5 3 0 1 1 1 0 
1 1 0 1 1 0 0 1 0 0 1 0 1 0 1 0 0 0 0 1 
1 1 1 1 1 1 1 1 1 1 1 1 1 1 1 1 1 1 1 1 1 1 1 1 1 1 1 1 1 1 1 1 1 1 1 1 1 1 1 1 1 1 1 1 1 1 1 1 1 1 1 1 1 1 1 1 1 1 1 1 1 1 1 1 1 1 1 1 1 1 1 1 1 1 1 1 1 1 1 1 1 1 1 1 1 1 1 1 1 1 1 1 1 1 1 1 1 1 1 1 
2 4 0 0 0 0 0 0 5 5 2 4 4 5 0 0 5 5 0 0 1 5 5 5 0 0 0 0 0 0 3 4 0 0 2 4 0 0 1 2 5 5 0 0 4 4 0 0 1 5 0 0 0 0 3 4 0 0 0 0 2 3 1 2 0 0 1 3 3 4 2 4 3 4 0 0 5 5 5 5 1 5 5 5 0 0 1 4 1 5 0 0 0 0 5 5 0 0 3 5 3 5 0 0 0 0 0 0 0 0 4 5 4 5 0 0 0 0 5 5 0 0 0 0 2 2 0 0 0 0 4 5 5 5 1 3 4 5 0 0 0 0 0 0 0 0 1 2 1 4 0 0 1 5 3 4 3 4 0 0 
4 5 2 3 
0.0 40.0 65.0 25.0 81.0 16.0 82.0 67.0 40.0 37.0 62.0 32.0 20.0 49.0 57.0 59.0 84.0 67.0 89.0 49.0 10.0 104.0 71.0 50.0 55.0 17.0 81.0 16.0 40.0 0.0 57.0 22.0 73.0 48.0 104.0 28.0 73.0 39.0 83.0 31.0 43.0 40.0 71.0 46.0 80.0 56.0 82.0 26.0 31.0 92.0 84.0 27.0 62.0 40.0 73.0 48.0 65.0 57.0 0.0 46.0 17.0 57.0 67.0 62.0 65.0 28.0 51.0 35.0 48.0 19.0 36.0 12.0 24.0 5.0 26.0 32.0 61.0 40.0 40.0 31.0 23.0 50.0 17.0 57.0 25.0 22.0 46.0 0.0 62.0 27.0 83.0 46.0 52.0 21.0 61.0 13.0 22.0 28.0 51.0 38.0 68.0 47.0 71.0 25.0 18.0 84.0 64.0 26.0 44.0 19.0 62.0 27.0 81.0 73.0 17.0 62.0 0.0 71.0 66.0 76.0 75.0 44.0 55.0 51.0 63.0 35.0 41.0 28.0 9.0 18.0 10.0 48.0 78.0 25.0 40.0 47.0 31.0 65.0 0.0 71.0 16.0 48.0 57.0 27.0 71.0 0.0 67.0 73.0 27.0 30.0 47.0 28.0 9.0 43.0 43.0 54.0 74.0 60.0 78.0 49.0 21.0 95.0 57.0 50.0 43.0 9.0 71.0 0.0 82.0 104.0 67.0 83.0 66.0 67.0 0.0 121.0 47.0 67.0 22.0 73.0 65.0 72.0 34.0 75.0 61.0 71.0 66.0 88.0 87.0 83.0 27.0 88.0 48.0 69.0 66.0 67.0 67.0 28.0 62.0 46.0 76.0 73.0 121.0 0.0 97.0 56.0 101.0 51.0 67.0 50.0 88.0 51.0 84.0 60.0 84.0 34.0 58.0 88.0 98.0 34.0 75.0 65.0 76.0 73.0 40.0 73.0 65.0 52.0 75.0 27.0 47.0 97.0 0.0 46.0 31.0 48.0 31.0 58.0 36.0 67.0 75.0 69.0 80.0 68.0 47.0 99.0 47.0 69.0 45.0 34.0 75.0 27.0 37.0 39.0 28.0 21.0 44.0 30.0 67.0 56.0 46.0 0.0 46.0 8.0 22.0 13.0 33.0 24.0 48.0 30.0 52.0 24.0 34.0 67.0 45.0 24.0 24.0 23.0 44.0 30.0 62.0 83.0 51.0 61.0 55.0 47.0 22.0 101.0 31.0 46.0 0.0 52.0 44.0 52.0 15.0 57.0 52.0 55.0 57.0 68.0 65.0 76.0 18.0 68.0 29.0 48.0 55.0 47.0 32.0 31.0 35.0 13.0 51.0 28.0 73.0 51.0 48.0 8.0 52.0 0.0 20.0 17.0 40.0 28.0 56.0 36.0 60.0 22.0 27.0 74.0 53.0 23.0 32.0 19.0 51.0 28.0 20.0 43.0 48.0 22.0 63.0 9.0 65.0 67.0 31.0 22.0 44.0 20.0 0.0 34.0 38.0 45.0 66.0 51.0 70.0 41.0 22.0 87.0 52.0 41.0 36.0 5.0 63.0 9.0 49.0 40.0 19.0 28.0 35.0 43.0 72.0 50.0 58.0 13.0 52.0 17.0 34.0 0.0 38.0 11.0 41.0 19.0 44.0 17.0 44.0 57.0 48.0 17.0 25.0 35.0 35.0 43.0 57.0 71.0 36.0 51.0 41.0 43.0 34.0 88.0 36.0 33.0 15.0 40.0 38.0 38.0 0.0 43.0 40.0 40.0 45.0 54.0 59.0 64.0 15.0 54.0 14.0 42.0 41.0 43.0 59.0 46.0 12.0 38.0 28.0 54.0 75.0 51.0 67.0 24.0 57.0 28.0 45.0 11.0 43.0 0.0 35.0 11.0 37.0 20.0 54.0 47.0 49.0 20.0 29.0 46.0 28.0 54.0 84.0 80.0 24.0 68.0 9.0 74.0 61.0 84.0 75.0 48.0 52.0 56.0 66.0 41.0 40.0 35.0 0.0 25.0 6.0 55.0 82.0 25.0 36.0 54.0 32.0 68.0 9.0 74.0 67.0 56.0 5.0 47.0 18.0 60.0 71.0 60.0 69.0 30.0 55.0 36.0 51.0 19.0 40.0 11.0 25.0 0.0 27.0 31.0 63.0 38.0 44.0 29.0 27.0 52.0 18.0 60.0 89.0 82.0 26.0 71.0 10.0 78.0 66.0 84.0 80.0 52.0 57.0 60.0 70.0 44.0 45.0 37.0 6.0 27.0 0.0 57.0 86.0 19.0 41.0 56.0 37.0 73.0 10.0 78.0 49.0 26.0 32.0 25.0 48.0 49.0 88.0 34.0 68.0 24.0 68.0 22.0 41.0 17.0 54.0 20.0 55.0 31.0 57.0 0.0 42.0 66.0 64.0 2.0 42.0 40.0 48.0 49.0 10.0 31.0 61.0 18.0 78.0 21.0 87.0 58.0 47.0 34.0 65.0 27.0 22.0 44.0 59.0 54.0 82.0 63.0 86.0 42.0 0.0 100.0 73.0 43.0 55.0 18.0 78.0 21.0 104.0 92.0 40.0 84.0 25.0 95.0 83.0 88.0 99.0 67.0 76.0 74.0 87.0 57.0 64.0 47.0 25.0 38.0 19.0 66.0 100.0 0.0 59.0 65.0 55.0 89.0 25.0 95.0 71.0 84.0 40.0 64.0 40.0 57.0 27.0 98.0 47.0 45.0 18.0 53.0 52.0 48.0 15.0 49.0 36.0 44.0 41.0 64.0 73.0 59.0 0.0 64.0 23.0 56.0 40.0 57.0 50.0 27.0 31.0 26.0 47.0 50.0 88.0 34.0 69.0 24.0 68.0 23.0 41.0 17.0 54.0 20.0 54.0 29.0 56.0 2.0 43.0 65.0 64.0 0.0 42.0 41.0 47.0 50.0 55.0 62.0 23.0 44.0 31.0 43.0 48.0 75.0 45.0 24.0 29.0 32.0 36.0 25.0 14.0 29.0 32.0 27.0 37.0 42.0 55.0 55.0 23.0 42.0 0.0 39.0 31.0 43.0 17.0 40.0 50.0 19.0 65.0 9.0 69.0 65.0 34.0 23.0 48.0 19.0 5.0 35.0 42.0 46.0 68.0 52.0 73.0 40.0 18.0 89.0 56.0 41.0 39.0 0.0 65.0 9.0 81.0 73.0 17.0 62.0 0.0 71.0 66.0 76.0 75.0 44.0 55.0 51.0 63.0 35.0 41.0 28.0 9.0 18.0 10.0 48.0 78.0 25.0 40.0 47.0 31.0 65.0 0.0 71.0 16.0 48.0 57.0 27.0 71.0 0.0 67.0 73.0 27.0 30.0 47.0 28.0 9.0 43.0 43.0 54.0 74.0 60.0 78.0 49.0 21.0 95.0 57.0 50.0 43.0 9.0 71.0 0.0 
4 11 5 14 
90 28 97 67 41 70 82 51 25 75 75 25 10 11 98 94 56 7 62 52 29 21 70 52 71 33 58 64 34 35 52 73 18 71 42 74 16 76 72 73 92 37 10 94 20 36 71 74 39 48 75 34 25 75 75 25 