4 20 2 4 3 182 125 363 250 5 21
26 17 0 0 47 14 0 0 0 0 26 36 0 0 17 27 
4 0 2 0 4 0 2 4 3 2 0 0 3 0 2 0 1 2 0 5 2 0 0 4 3 0 4 0 1 0 4 3 4 0 1 3 5 1 0 0 0 3 0 4 5 1 0 2 3 1 2 0 0 0 5 0 4 1 1 0 2 0 0 3 0 0 0 3 4 0 3 3 0 2 0 4 4 4 0 4 
1 1 1 0 1 1 0 1 1 0 1 0 1 1 1 0 0 0 0 1 
1 1 1 1 1 1 1 1 1 1 1 1 1 1 1 1 1 1 1 1 1 1 1 1 1 1 1 1 1 1 1 1 1 1 1 1 1 1 1 1 1 1 1 1 1 1 1 1 1 1 1 1 1 1 1 1 1 1 1 1 1 1 1 1 1 1 1 1 1 1 1 1 1 1 1 1 1 1 1 1 1 1 1 1 1 1 1 1 1 1 1 1 1 1 1 1 1 1 1 1 
4 5 0 0 5 5 0 0 1 5 0 0 1 2 1 4 5 5 1 4 0 0 0 0 1 2 0 0 4 4 0 0 4 5 2 2 0 0 2 3 5 5 0 0 0 0 2 4 4 5 0 0 3 4 0 0 3 4 0 0 5 5 1 2 3 5 0 0 4 5 3 4 1 2 1 2 0 0 0 0 0 0 1 5 0 0 4 5 4 5 3 5 0 0 4 5 2 4 2 5 2 4 0 0 0 0 0 0 5 5 0 0 4 5 1 5 5 5 0 0 5 5 0 0 0 0 4 5 0 0 0 0 0 0 3 3 2 2 0 0 5 5 5 5 0 0 3 4 0 0 5 5 2 4 1 5 0 0 4 5 
4 2 4 4 
0.0 75.0 15.0 52.0 57.0 39.0 44.0 9.0 78.0 29.0 28.0 73.0 33.0 68.0 40.0 15.0 74.0 25.0 50.0 45.0 75.0 12.0 44.0 98.0 63.0 15.0 57.0 39.0 75.0 0.0 88.0 26.0 22.0 80.0 60.0 79.0 34.0 89.0 87.0 54.0 56.0 72.0 76.0 87.0 42.0 61.0 30.0 33.0 51.0 85.0 68.0 64.0 63.0 89.0 22.0 80.0 15.0 88.0 0.0 66.0 69.0 48.0 49.0 16.0 92.0 21.0 33.0 87.0 47.0 80.0 50.0 4.0 88.0 32.0 64.0 57.0 89.0 4.0 56.0 112.0 76.0 11.0 69.0 48.0 52.0 26.0 66.0 0.0 23.0 54.0 53.0 56.0 29.0 72.0 62.0 39.0 30.0 51.0 50.0 66.0 31.0 45.0 4.0 24.0 37.0 63.0 43.0 57.0 42.0 66.0 23.0 54.0 57.0 22.0 69.0 23.0 0.0 71.0 39.0 62.0 46.0 68.0 74.0 61.0 47.0 73.0 68.0 68.0 51.0 40.0 25.0 12.0 59.0 66.0 62.0 76.0 64.0 71.0 0.0 71.0 39.0 80.0 48.0 54.0 71.0 0.0 77.0 33.0 67.0 66.0 18.0 51.0 25.0 37.0 5.0 50.0 58.0 58.0 51.0 63.0 55.0 46.0 16.0 75.0 35.0 39.0 71.0 0.0 44.0 60.0 49.0 53.0 39.0 77.0 0.0 52.0 82.0 38.0 71.0 89.0 59.0 95.0 76.0 46.0 84.0 21.0 53.0 30.0 89.0 47.0 76.0 110.0 86.0 56.0 39.0 77.0 9.0 79.0 16.0 56.0 62.0 33.0 52.0 0.0 79.0 34.0 20.0 72.0 32.0 65.0 35.0 18.0 74.0 33.0 53.0 51.0 75.0 14.0 40.0 97.0 60.0 11.0 62.0 33.0 78.0 34.0 92.0 29.0 46.0 67.0 82.0 79.0 0.0 100.0 80.0 25.0 48.0 45.0 62.0 93.0 11.0 74.0 31.0 52.0 20.0 89.0 52.0 31.0 38.0 90.0 46.0 67.0 29.0 89.0 21.0 72.0 68.0 66.0 38.0 34.0 100.0 0.0 53.0 99.0 60.0 96.0 68.0 18.0 98.0 29.0 70.0 56.0 101.0 22.0 73.0 124.0 90.0 31.0 68.0 66.0 28.0 87.0 33.0 62.0 74.0 18.0 71.0 20.0 80.0 53.0 0.0 66.0 33.0 54.0 22.0 36.0 73.0 51.0 58.0 64.0 70.0 32.0 31.0 91.0 52.0 23.0 74.0 18.0 73.0 54.0 87.0 39.0 61.0 51.0 89.0 72.0 25.0 99.0 66.0 0.0 40.0 22.0 46.0 88.0 14.0 77.0 38.0 61.0 6.0 84.0 36.0 26.0 17.0 81.0 61.0 51.0 33.0 56.0 47.0 30.0 47.0 25.0 59.0 32.0 48.0 60.0 33.0 40.0 0.0 38.0 22.0 48.0 43.0 41.0 27.0 39.0 43.0 44.0 18.0 65.0 31.0 43.0 47.0 25.0 68.0 72.0 80.0 51.0 73.0 37.0 95.0 65.0 45.0 96.0 54.0 22.0 38.0 0.0 33.0 82.0 35.0 79.0 49.0 71.0 27.0 78.0 25.0 42.0 10.0 73.0 73.0 37.0 40.0 76.0 50.0 50.0 68.0 5.0 76.0 35.0 62.0 68.0 22.0 46.0 22.0 33.0 0.0 52.0 53.0 57.0 47.0 60.0 50.0 48.0 11.0 70.0 31.0 42.0 68.0 5.0 15.0 87.0 4.0 66.0 68.0 50.0 46.0 18.0 93.0 18.0 36.0 88.0 48.0 82.0 52.0 0.0 89.0 30.0 64.0 56.0 90.0 5.0 58.0 113.0 77.0 14.0 68.0 50.0 74.0 42.0 88.0 31.0 51.0 58.0 84.0 74.0 11.0 98.0 73.0 14.0 43.0 35.0 53.0 89.0 0.0 74.0 31.0 54.0 9.0 85.0 44.0 27.0 28.0 85.0 51.0 58.0 25.0 61.0 32.0 45.0 40.0 58.0 21.0 33.0 74.0 29.0 51.0 77.0 41.0 79.0 57.0 30.0 74.0 0.0 44.0 28.0 78.0 30.0 58.0 100.0 71.0 38.0 40.0 58.0 50.0 30.0 64.0 4.0 25.0 51.0 53.0 53.0 31.0 70.0 58.0 38.0 27.0 49.0 47.0 64.0 31.0 44.0 0.0 24.0 37.0 61.0 40.0 58.0 40.0 63.0 25.0 51.0 45.0 33.0 57.0 24.0 12.0 63.0 30.0 51.0 52.0 56.0 64.0 61.0 39.0 71.0 60.0 56.0 54.0 28.0 24.0 0.0 61.0 54.0 56.0 81.0 62.0 60.0 12.0 63.0 75.0 51.0 89.0 37.0 59.0 55.0 89.0 75.0 20.0 101.0 70.0 6.0 43.0 27.0 50.0 90.0 9.0 78.0 37.0 61.0 0.0 86.0 40.0 23.0 22.0 85.0 59.0 55.0 12.0 85.0 4.0 63.0 66.0 46.0 47.0 14.0 89.0 22.0 32.0 84.0 44.0 78.0 48.0 5.0 85.0 30.0 61.0 54.0 86.0 0.0 54.0 109.0 73.0 10.0 66.0 46.0 44.0 68.0 56.0 43.0 62.0 16.0 76.0 40.0 52.0 73.0 31.0 36.0 18.0 25.0 11.0 58.0 44.0 58.0 40.0 56.0 40.0 54.0 0.0 61.0 21.0 49.0 62.0 16.0 98.0 64.0 112.0 57.0 76.0 75.0 110.0 97.0 31.0 124.0 91.0 26.0 65.0 42.0 70.0 113.0 27.0 100.0 58.0 81.0 23.0 109.0 61.0 0.0 40.0 107.0 76.0 75.0 63.0 63.0 76.0 42.0 64.0 35.0 86.0 60.0 38.0 90.0 52.0 17.0 31.0 10.0 31.0 77.0 28.0 71.0 40.0 62.0 22.0 73.0 21.0 40.0 0.0 69.0 64.0 35.0 15.0 89.0 11.0 66.0 71.0 39.0 56.0 11.0 90.0 31.0 23.0 81.0 43.0 73.0 42.0 14.0 85.0 38.0 63.0 60.0 85.0 10.0 49.0 107.0 69.0 0.0 71.0 39.0 57.0 22.0 69.0 23.0 0.0 71.0 39.0 62.0 46.0 68.0 74.0 61.0 47.0 73.0 68.0 68.0 51.0 40.0 25.0 12.0 59.0 66.0 62.0 76.0 64.0 71.0 0.0 71.0 39.0 80.0 48.0 54.0 71.0 0.0 77.0 33.0 67.0 66.0 18.0 51.0 25.0 37.0 5.0 50.0 58.0 58.0 51.0 63.0 55.0 46.0 16.0 75.0 35.0 39.0 71.0 0.0 
2 5 5 14 
80 63 6 65 93 69 29 53 25 75 75 25 55 99 84 56 9 32 91 89 88 37 26 15 56 41 45 5 70 25 92 72 17 25 64 81 32 52 37 75 21 17 90 68 60 24 4 2 42 14 94 59 25 75 75 25 