4 20 2 4 3 199 125 398 250 5 21
39 21 0 0 42 15 0 0 0 0 18 18 0 0 20 20 
3 3 2 0 1 2 0 3 4 5 0 1 4 0 2 5 1 1 1 0 5 0 1 3 0 4 0 0 3 0 0 2 0 0 2 4 0 0 3 3 3 1 0 0 0 0 0 3 5 3 5 0 2 0 0 0 0 0 2 4 0 3 2 3 4 3 0 0 0 3 0 0 4 0 5 1 3 0 5 4 
1 0 1 1 1 1 1 1 1 1 0 1 1 0 1 1 0 0 0 0 
1 1 1 1 1 1 1 1 1 1 1 1 1 1 1 1 1 1 1 1 1 1 1 1 1 1 1 1 1 1 1 1 1 1 1 1 1 1 1 1 1 1 1 1 1 1 1 1 1 1 1 1 1 1 1 1 1 1 1 1 1 1 1 1 1 1 1 1 1 1 1 1 1 1 1 1 1 1 1 1 1 1 1 1 1 1 1 1 1 1 1 1 1 1 1 1 1 1 1 1 
4 5 5 5 3 5 0 0 3 5 3 3 0 0 2 4 4 5 3 5 0 0 2 3 2 5 0 0 1 4 1 2 5 5 4 5 1 3 0 0 1 2 0 0 2 3 5 5 0 0 1 1 0 0 0 0 4 5 0 0 0 0 1 2 0 0 0 0 3 4 3 4 0 0 0 0 4 5 5 5 1 1 4 5 0 0 0 0 0 0 0 0 0 0 2 3 5 5 2 2 2 5 0 0 4 5 0 0 0 0 0 0 0 0 0 0 5 5 3 5 0 0 5 5 2 5 4 5 3 3 2 4 0 0 0 0 0 0 1 5 0 0 0 0 3 4 0 0 3 4 4 5 5 5 0 0 3 5 4 4 
4 3 2 5 
0.0 48.0 44.0 45.0 53.0 25.0 12.0 36.0 39.0 31.0 70.0 35.0 26.0 27.0 40.0 29.0 19.0 46.0 56.0 75.0 36.0 69.0 72.0 82.0 50.0 80.0 53.0 25.0 48.0 0.0 22.0 60.0 29.0 56.0 38.0 18.0 46.0 62.0 32.0 23.0 38.0 70.0 13.0 57.0 30.0 64.0 91.0 44.0 19.0 23.0 43.0 55.0 54.0 47.0 29.0 56.0 44.0 22.0 0.0 41.0 10.0 61.0 33.0 11.0 27.0 68.0 52.0 10.0 47.0 61.0 12.0 43.0 27.0 45.0 75.0 66.0 10.0 40.0 64.0 40.0 34.0 37.0 10.0 61.0 45.0 60.0 41.0 0.0 42.0 70.0 39.0 44.0 15.0 75.0 91.0 38.0 66.0 40.0 48.0 19.0 42.0 6.0 39.0 102.0 42.0 80.0 100.0 56.0 13.0 62.0 42.0 70.0 53.0 29.0 10.0 42.0 0.0 71.0 42.0 21.0 29.0 78.0 57.0 20.0 57.0 67.0 21.0 48.0 37.0 47.0 78.0 72.0 20.0 43.0 70.0 30.0 32.0 27.0 0.0 71.0 25.0 56.0 61.0 70.0 71.0 0.0 34.0 51.0 63.0 7.0 69.0 52.0 20.0 45.0 54.0 53.0 35.0 70.0 76.0 68.0 52.0 74.0 64.0 101.0 74.0 97.0 71.0 0.0 12.0 38.0 33.0 39.0 42.0 34.0 0.0 25.0 30.0 40.0 64.0 23.0 28.0 32.0 30.0 25.0 9.0 40.0 57.0 71.0 25.0 61.0 68.0 70.0 41.0 68.0 42.0 34.0 36.0 18.0 11.0 44.0 21.0 51.0 25.0 0.0 30.0 57.0 48.0 6.0 36.0 55.0 6.0 40.0 18.0 47.0 74.0 60.0 2.0 39.0 57.0 51.0 39.0 47.0 21.0 51.0 39.0 46.0 27.0 15.0 29.0 63.0 30.0 30.0 0.0 69.0 77.0 24.0 56.0 43.0 34.0 21.0 32.0 19.0 50.0 89.0 28.0 66.0 86.0 48.0 12.0 52.0 29.0 63.0 31.0 62.0 68.0 75.0 78.0 7.0 40.0 57.0 69.0 0.0 73.0 59.0 25.0 48.0 60.0 58.0 42.0 75.0 79.0 70.0 58.0 79.0 67.0 107.0 80.0 103.0 78.0 7.0 70.0 32.0 52.0 91.0 57.0 69.0 64.0 48.0 77.0 73.0 0.0 54.0 50.0 96.0 44.0 86.0 56.0 95.0 120.0 17.0 50.0 19.0 17.0 78.0 85.0 67.0 57.0 69.0 35.0 23.0 10.0 38.0 20.0 52.0 23.0 6.0 24.0 59.0 54.0 0.0 39.0 52.0 11.0 35.0 18.0 42.0 69.0 65.0 5.0 45.0 63.0 49.0 33.0 46.0 20.0 52.0 26.0 38.0 47.0 66.0 57.0 20.0 28.0 36.0 56.0 25.0 50.0 39.0 0.0 52.0 37.0 52.0 25.0 67.0 81.0 51.0 38.0 55.0 48.0 87.0 67.0 81.0 57.0 20.0 27.0 70.0 61.0 40.0 67.0 45.0 32.0 55.0 43.0 48.0 96.0 52.0 52.0 0.0 60.0 22.0 41.0 37.0 32.0 101.0 55.0 93.0 98.0 91.0 50.0 93.0 67.0 45.0 40.0 13.0 12.0 48.0 21.0 54.0 30.0 6.0 34.0 60.0 44.0 11.0 37.0 60.0 0.0 46.0 22.0 52.0 79.0 56.0 7.0 34.0 54.0 50.0 43.0 44.0 21.0 54.0 29.0 57.0 43.0 19.0 48.0 53.0 25.0 40.0 21.0 58.0 86.0 35.0 52.0 22.0 46.0 0.0 32.0 18.0 34.0 95.0 39.0 79.0 92.0 69.0 28.0 72.0 48.0 53.0 19.0 30.0 27.0 42.0 37.0 35.0 9.0 18.0 32.0 42.0 56.0 18.0 25.0 41.0 22.0 32.0 0.0 45.0 65.0 64.0 18.0 52.0 61.0 66.0 43.0 63.0 37.0 35.0 46.0 64.0 45.0 6.0 47.0 70.0 40.0 47.0 19.0 75.0 95.0 42.0 67.0 37.0 52.0 18.0 45.0 0.0 34.0 106.0 46.0 85.0 103.0 61.0 17.0 67.0 47.0 70.0 56.0 91.0 75.0 39.0 78.0 76.0 57.0 74.0 50.0 79.0 120.0 69.0 81.0 32.0 79.0 34.0 65.0 34.0 0.0 128.0 73.0 113.0 125.0 94.0 51.0 100.0 78.0 76.0 75.0 44.0 66.0 102.0 72.0 68.0 71.0 60.0 89.0 70.0 17.0 65.0 51.0 101.0 56.0 95.0 64.0 106.0 128.0 0.0 61.0 35.0 4.0 95.0 98.0 83.0 72.0 68.0 36.0 19.0 10.0 42.0 20.0 52.0 25.0 2.0 28.0 58.0 50.0 5.0 38.0 55.0 7.0 39.0 18.0 46.0 73.0 61.0 0.0 40.0 59.0 50.0 37.0 45.0 20.0 52.0 69.0 23.0 40.0 80.0 43.0 74.0 61.0 39.0 66.0 79.0 19.0 45.0 55.0 93.0 34.0 79.0 52.0 85.0 113.0 35.0 40.0 0.0 35.0 61.0 73.0 49.0 43.0 74.0 72.0 43.0 64.0 100.0 70.0 64.0 68.0 57.0 86.0 67.0 17.0 63.0 48.0 98.0 54.0 92.0 61.0 103.0 125.0 4.0 59.0 35.0 0.0 94.0 96.0 83.0 70.0 64.0 82.0 55.0 40.0 56.0 30.0 101.0 70.0 51.0 48.0 107.0 78.0 49.0 87.0 91.0 50.0 69.0 66.0 61.0 94.0 95.0 50.0 61.0 94.0 0.0 44.0 14.0 30.0 101.0 50.0 54.0 34.0 13.0 32.0 74.0 41.0 39.0 12.0 80.0 85.0 33.0 67.0 50.0 43.0 28.0 43.0 17.0 51.0 98.0 37.0 73.0 96.0 44.0 0.0 50.0 32.0 74.0 80.0 47.0 37.0 62.0 27.0 97.0 68.0 47.0 52.0 103.0 67.0 46.0 81.0 93.0 44.0 72.0 63.0 67.0 100.0 83.0 45.0 49.0 83.0 14.0 50.0 0.0 27.0 97.0 53.0 29.0 10.0 42.0 0.0 71.0 42.0 21.0 29.0 78.0 57.0 20.0 57.0 67.0 21.0 48.0 37.0 47.0 78.0 72.0 20.0 43.0 70.0 30.0 32.0 27.0 0.0 71.0 25.0 56.0 61.0 70.0 71.0 0.0 34.0 51.0 63.0 7.0 69.0 52.0 20.0 45.0 54.0 53.0 35.0 70.0 76.0 68.0 52.0 74.0 64.0 101.0 74.0 97.0 71.0 0.0 
8 1 3 15 
51 29 53 76 33 69 7 38 25 75 75 25 45 39 42 63 17 48 80 21 79 93 37 60 72 44 34 9 44 68 23 28 48 47 6 33 4 0 95 89 40 63 61 97 94 86 1 93 6 50 13 99 25 75 75 25 