4 20 2 4 3 218 125 435 250 5 21
10 33 0 0 15 34 0 0 0 0 32 28 0 0 20 33 
1 0 1 0 0 0 2 4 0 0 1 3 2 4 2 3 0 1 0 0 0 4 0 5 0 5 0 0 0 0 1 0 0 3 1 5 0 0 0 1 1 0 1 3 0 0 0 2 3 0 4 5 0 4 1 0 0 4 5 3 0 1 4 0 5 2 0 2 3 2 5 5 0 4 0 0 5 4 4 0 
1 1 0 1 1 1 1 0 1 0 0 0 0 1 1 0 0 1 0 0 
1 1 1 1 1 1 1 1 1 1 1 1 1 1 1 1 1 1 1 1 1 1 1 1 1 1 1 1 1 1 1 1 1 1 1 1 1 1 1 1 1 1 1 1 1 1 1 1 1 1 1 1 1 1 1 1 1 1 1 1 1 1 1 1 1 1 1 1 1 1 1 1 1 1 1 1 1 1 1 1 1 1 1 1 1 1 1 1 1 1 1 1 1 1 1 1 1 1 1 1 
3 4 0 0 4 5 0 0 0 0 0 0 1 2 3 4 0 0 0 0 3 5 1 5 5 5 1 4 5 5 1 5 0 0 3 4 0 0 0 0 0 0 1 5 0 0 2 5 0 0 5 5 0 0 0 0 0 0 0 0 2 3 0 0 0 0 1 4 1 5 4 5 0 0 0 0 0 0 5 5 5 5 0 0 4 5 4 5 0 0 0 0 0 0 4 5 4 5 0 0 5 5 4 4 0 0 4 5 5 5 0 0 0 0 1 5 2 3 4 5 0 0 1 5 4 5 0 0 4 5 1 2 0 0 2 3 3 4 5 5 1 5 2 3 0 0 3 5 0 0 0 0 2 5 4 5 4 5 0 0 
1 2 3 3 
0.0 48.0 77.0 86.0 60.0 44.0 14.0 57.0 66.0 9.0 13.0 64.0 67.0 29.0 40.0 59.0 78.0 50.0 87.0 29.0 75.0 56.0 30.0 68.0 53.0 62.0 60.0 44.0 48.0 0.0 64.0 83.0 77.0 6.0 52.0 82.0 72.0 44.0 41.0 20.0 91.0 76.0 9.0 17.0 71.0 29.0 73.0 27.0 64.0 17.0 71.0 74.0 61.0 87.0 77.0 6.0 77.0 64.0 0.0 22.0 44.0 60.0 69.0 58.0 28.0 69.0 82.0 54.0 59.0 99.0 63.0 53.0 11.0 37.0 10.0 54.0 4.0 80.0 76.0 29.0 32.0 60.0 44.0 60.0 86.0 83.0 22.0 0.0 37.0 78.0 75.0 50.0 22.0 78.0 93.0 75.0 48.0 103.0 80.0 73.0 12.0 54.0 19.0 68.0 20.0 99.0 78.0 21.0 34.0 51.0 37.0 78.0 60.0 77.0 44.0 37.0 0.0 71.0 47.0 14.0 18.0 54.0 70.0 78.0 16.0 70.0 71.0 74.0 37.0 53.0 50.0 53.0 41.0 93.0 43.0 17.0 18.0 16.0 0.0 71.0 44.0 6.0 60.0 78.0 71.0 0.0 48.0 77.0 66.0 40.0 39.0 21.0 85.0 73.0 5.0 16.0 66.0 24.0 69.0 22.0 59.0 22.0 66.0 68.0 55.0 81.0 71.0 0.0 14.0 52.0 69.0 75.0 47.0 48.0 0.0 43.0 54.0 10.0 26.0 65.0 54.0 32.0 44.0 60.0 68.0 47.0 78.0 28.0 66.0 63.0 19.0 56.0 42.0 48.0 47.0 48.0 57.0 82.0 58.0 50.0 14.0 77.0 43.0 0.0 31.0 52.0 69.0 86.0 11.0 61.0 75.0 82.0 51.0 61.0 63.0 56.0 54.0 97.0 35.0 31.0 29.0 5.0 14.0 77.0 66.0 72.0 28.0 22.0 18.0 66.0 54.0 31.0 0.0 59.0 74.0 69.0 32.0 81.0 67.0 66.0 20.0 44.0 33.0 51.0 25.0 88.0 56.0 3.0 13.0 33.0 18.0 66.0 9.0 44.0 69.0 78.0 54.0 40.0 10.0 52.0 59.0 0.0 17.0 58.0 62.0 35.0 36.0 53.0 70.0 43.0 79.0 22.0 67.0 54.0 29.0 61.0 46.0 57.0 54.0 40.0 13.0 41.0 82.0 93.0 70.0 39.0 26.0 69.0 74.0 17.0 0.0 59.0 79.0 38.0 34.0 54.0 84.0 51.0 92.0 29.0 80.0 46.0 42.0 77.0 61.0 73.0 70.0 39.0 64.0 20.0 54.0 75.0 78.0 21.0 65.0 86.0 69.0 58.0 59.0 0.0 93.0 93.0 26.0 6.0 63.0 26.0 61.0 38.0 55.0 30.0 83.0 71.0 61.0 90.0 78.0 21.0 67.0 91.0 59.0 48.0 16.0 85.0 54.0 11.0 32.0 62.0 79.0 93.0 0.0 71.0 84.0 89.0 51.0 68.0 63.0 66.0 56.0 106.0 44.0 31.0 33.0 6.0 16.0 85.0 29.0 76.0 99.0 103.0 70.0 73.0 32.0 61.0 81.0 35.0 38.0 93.0 71.0 0.0 69.0 87.0 98.0 77.0 108.0 56.0 96.0 84.0 27.0 83.0 70.0 65.0 70.0 73.0 40.0 9.0 63.0 80.0 71.0 5.0 44.0 75.0 67.0 36.0 34.0 26.0 84.0 69.0 0.0 21.0 69.0 27.0 71.0 19.0 62.0 22.0 63.0 69.0 55.0 80.0 71.0 5.0 59.0 17.0 53.0 73.0 74.0 16.0 60.0 82.0 66.0 53.0 54.0 6.0 89.0 87.0 21.0 0.0 61.0 22.0 61.0 33.0 53.0 28.0 77.0 68.0 57.0 86.0 74.0 16.0 78.0 71.0 11.0 12.0 37.0 66.0 68.0 51.0 20.0 70.0 84.0 63.0 51.0 98.0 69.0 61.0 0.0 43.0 13.0 58.0 9.0 87.0 73.0 20.0 28.0 52.0 37.0 66.0 50.0 29.0 37.0 54.0 53.0 24.0 47.0 61.0 44.0 43.0 51.0 26.0 68.0 77.0 27.0 22.0 43.0 0.0 46.0 22.0 36.0 45.0 62.0 47.0 36.0 65.0 53.0 24.0 87.0 73.0 10.0 19.0 50.0 69.0 78.0 63.0 33.0 79.0 92.0 61.0 63.0 108.0 71.0 61.0 13.0 46.0 0.0 64.0 12.0 88.0 85.0 33.0 40.0 65.0 50.0 69.0 29.0 27.0 54.0 68.0 53.0 22.0 28.0 56.0 51.0 22.0 29.0 38.0 66.0 56.0 19.0 33.0 58.0 22.0 64.0 0.0 52.0 41.0 46.0 54.0 39.0 61.0 53.0 22.0 75.0 64.0 4.0 20.0 41.0 59.0 66.0 54.0 25.0 67.0 80.0 55.0 56.0 96.0 62.0 53.0 9.0 36.0 12.0 52.0 0.0 80.0 73.0 25.0 29.0 56.0 41.0 59.0 56.0 17.0 80.0 99.0 93.0 22.0 63.0 97.0 88.0 54.0 46.0 30.0 106.0 84.0 22.0 28.0 87.0 45.0 88.0 41.0 80.0 0.0 82.0 90.0 77.0 102.0 93.0 22.0 30.0 71.0 76.0 78.0 43.0 66.0 19.0 35.0 56.0 29.0 42.0 83.0 44.0 27.0 63.0 77.0 73.0 62.0 85.0 46.0 73.0 82.0 0.0 57.0 46.0 38.0 43.0 66.0 68.0 74.0 29.0 21.0 17.0 68.0 56.0 31.0 3.0 61.0 77.0 71.0 31.0 83.0 69.0 68.0 20.0 47.0 33.0 54.0 25.0 90.0 57.0 0.0 16.0 32.0 17.0 68.0 53.0 61.0 32.0 34.0 18.0 55.0 42.0 29.0 13.0 46.0 61.0 61.0 33.0 70.0 55.0 57.0 28.0 36.0 40.0 39.0 29.0 77.0 46.0 16.0 0.0 32.0 18.0 55.0 62.0 87.0 60.0 51.0 16.0 81.0 48.0 5.0 33.0 57.0 73.0 90.0 6.0 65.0 80.0 86.0 52.0 65.0 65.0 61.0 56.0 102.0 38.0 32.0 32.0 0.0 16.0 81.0 60.0 77.0 44.0 37.0 0.0 71.0 47.0 14.0 18.0 54.0 70.0 78.0 16.0 70.0 71.0 74.0 37.0 53.0 50.0 53.0 41.0 93.0 43.0 17.0 18.0 16.0 0.0 71.0 44.0 6.0 60.0 78.0 71.0 0.0 48.0 77.0 66.0 40.0 39.0 21.0 85.0 73.0 5.0 16.0 66.0 24.0 69.0 22.0 59.0 22.0 66.0 68.0 55.0 81.0 71.0 0.0 
1 15 4 9 
84 68 79 21 16 32 1 47 25 75 75 25 71 72 31 87 19 59 77 64 93 59 64 8 21 90 91 96 78 29 65 13 11 41 52 30 7 29 68 45 17 35 93 13 65 90 17 60 32 59 27 90 25 75 75 25 