4 20 2 4 3 299 125 598 250 5 21
13 30 0 0 25 23 0 0 0 0 45 36 0 0 34 28 
4 5 5 0 2 0 0 4 0 2 0 2 0 2 3 3 2 2 0 0 0 2 0 4 2 0 5 2 0 0 4 1 4 0 1 2 0 0 5 2 3 0 5 5 0 5 0 0 1 5 0 2 5 2 0 0 0 0 3 4 1 2 3 4 0 0 4 0 0 2 5 0 0 4 3 4 2 0 0 5 
1 1 1 0 0 0 0 0 1 0 1 0 0 1 0 1 1 0 0 0 
1 1 1 1 1 1 1 1 1 1 1 1 1 1 1 1 1 1 1 1 1 1 1 1 1 1 1 1 1 1 1 1 1 1 1 1 1 1 1 1 1 1 1 1 1 1 1 1 1 1 1 1 1 1 1 1 1 1 1 1 1 1 1 1 1 1 1 1 1 1 1 1 1 1 1 1 1 1 1 1 1 1 1 1 1 1 1 1 1 1 1 1 1 1 1 1 1 1 1 1 
1 5 2 2 2 3 0 0 4 5 0 0 0 0 4 4 0 0 3 5 0 0 1 2 0 0 1 3 4 5 2 2 3 5 3 5 0 0 0 0 0 0 1 2 0 0 1 2 4 5 0 0 4 5 5 5 0 0 0 0 5 5 4 5 3 5 0 0 3 3 4 5 0 0 0 0 4 5 3 5 5 5 0 0 5 5 1 2 0 0 4 4 0 0 0 0 3 4 4 5 0 0 1 4 4 5 2 2 0 0 0 0 0 0 0 0 4 5 3 3 2 3 4 5 5 5 4 4 0 0 0 0 2 3 0 0 0 0 3 4 1 2 0 0 0 0 4 5 2 4 5 5 2 5 0 0 0 0 5 5 
5 4 3 5 
0.0 58.0 44.0 52.0 53.0 67.0 39.0 67.0 55.0 24.0 73.0 88.0 50.0 36.0 49.0 12.0 41.0 37.0 13.0 9.0 49.0 89.0 98.0 24.0 13.0 1.0 53.0 67.0 58.0 0.0 69.0 58.0 14.0 84.0 27.0 16.0 9.0 48.0 16.0 59.0 73.0 34.0 75.0 50.0 20.0 28.0 63.0 57.0 82.0 92.0 80.0 35.0 70.0 59.0 14.0 84.0 44.0 69.0 0.0 19.0 57.0 23.0 43.0 84.0 62.0 27.0 81.0 63.0 6.0 36.0 6.0 37.0 63.0 42.0 34.0 53.0 15.0 46.0 63.0 48.0 41.0 45.0 57.0 23.0 52.0 58.0 19.0 0.0 45.0 27.0 34.0 73.0 50.0 29.0 68.0 45.0 20.0 28.0 22.0 42.0 57.0 35.0 44.0 59.0 33.0 40.0 48.0 47.0 53.0 52.0 45.0 27.0 53.0 14.0 57.0 45.0 0.0 71.0 17.0 29.0 5.0 39.0 24.0 48.0 61.0 23.0 63.0 43.0 24.0 18.0 56.0 55.0 71.0 79.0 69.0 31.0 64.0 54.0 0.0 71.0 67.0 84.0 23.0 27.0 71.0 0.0 59.0 100.0 76.0 49.0 94.0 60.0 19.0 53.0 20.0 60.0 82.0 60.0 57.0 76.0 26.0 25.0 51.0 69.0 64.0 68.0 71.0 0.0 39.0 27.0 43.0 34.0 17.0 59.0 0.0 42.0 20.0 23.0 40.0 52.0 47.0 7.0 48.0 29.0 24.0 3.0 40.0 42.0 56.0 71.0 68.0 21.0 49.0 40.0 17.0 59.0 67.0 16.0 84.0 73.0 29.0 100.0 42.0 0.0 24.0 61.0 17.0 72.0 88.0 48.0 90.0 60.0 27.0 42.0 74.0 65.0 96.0 108.0 94.0 44.0 79.0 68.0 29.0 100.0 55.0 9.0 62.0 50.0 5.0 76.0 20.0 24.0 0.0 42.0 20.0 52.0 65.0 27.0 67.0 46.0 22.0 22.0 59.0 56.0 75.0 84.0 73.0 32.0 66.0 56.0 5.0 76.0 24.0 48.0 27.0 29.0 39.0 49.0 23.0 61.0 42.0 0.0 62.0 65.0 32.0 17.0 33.0 13.0 37.0 21.0 20.0 30.0 37.0 68.0 74.0 22.0 29.0 24.0 39.0 49.0 73.0 16.0 81.0 68.0 24.0 94.0 40.0 17.0 20.0 62.0 0.0 58.0 84.0 47.0 86.0 64.0 35.0 41.0 78.0 72.0 95.0 99.0 81.0 50.0 85.0 74.0 24.0 94.0 88.0 59.0 63.0 45.0 48.0 60.0 52.0 72.0 52.0 65.0 58.0 0.0 62.0 53.0 65.0 76.0 71.0 55.0 84.0 92.0 76.0 51.0 25.0 72.0 93.0 88.0 48.0 60.0 50.0 73.0 6.0 20.0 61.0 19.0 47.0 88.0 65.0 32.0 84.0 62.0 0.0 40.0 4.0 42.0 68.0 46.0 39.0 58.0 14.0 41.0 60.0 53.0 46.0 49.0 61.0 19.0 36.0 34.0 36.0 28.0 23.0 53.0 7.0 48.0 27.0 17.0 47.0 53.0 40.0 0.0 42.0 25.0 29.0 7.0 35.0 40.0 49.0 67.0 66.0 21.0 44.0 37.0 23.0 53.0 49.0 75.0 6.0 22.0 63.0 20.0 48.0 90.0 67.0 33.0 86.0 65.0 4.0 42.0 0.0 42.0 69.0 48.0 38.0 57.0 11.0 43.0 64.0 54.0 44.0 49.0 63.0 20.0 12.0 50.0 37.0 42.0 43.0 60.0 29.0 60.0 46.0 13.0 64.0 76.0 42.0 25.0 42.0 0.0 35.0 26.0 14.0 18.0 44.0 80.0 87.0 17.0 21.0 13.0 43.0 60.0 41.0 20.0 63.0 57.0 24.0 82.0 24.0 27.0 22.0 37.0 35.0 71.0 68.0 29.0 69.0 35.0 0.0 23.0 48.0 39.0 74.0 95.0 90.0 19.0 53.0 42.0 24.0 82.0 37.0 28.0 42.0 35.0 18.0 60.0 3.0 42.0 22.0 21.0 41.0 55.0 46.0 7.0 48.0 26.0 23.0 0.0 38.0 40.0 55.0 73.0 70.0 18.0 46.0 38.0 18.0 60.0 13.0 63.0 34.0 44.0 56.0 57.0 40.0 74.0 59.0 20.0 78.0 84.0 39.0 35.0 38.0 14.0 48.0 38.0 0.0 21.0 37.0 79.0 91.0 30.0 10.0 12.0 56.0 57.0 9.0 57.0 53.0 59.0 55.0 76.0 42.0 65.0 56.0 30.0 72.0 92.0 58.0 40.0 57.0 18.0 39.0 40.0 21.0 0.0 57.0 96.0 104.0 24.0 20.0 9.0 55.0 76.0 49.0 82.0 15.0 33.0 71.0 26.0 56.0 96.0 75.0 37.0 95.0 76.0 14.0 49.0 11.0 44.0 74.0 55.0 37.0 57.0 0.0 50.0 73.0 58.0 42.0 48.0 71.0 26.0 89.0 92.0 46.0 40.0 79.0 25.0 71.0 108.0 84.0 68.0 99.0 51.0 41.0 67.0 43.0 80.0 95.0 73.0 79.0 96.0 50.0 0.0 34.0 86.0 87.0 89.0 79.0 25.0 98.0 80.0 63.0 48.0 69.0 51.0 68.0 94.0 73.0 74.0 81.0 25.0 60.0 66.0 64.0 87.0 90.0 70.0 91.0 104.0 73.0 34.0 0.0 87.0 100.0 98.0 69.0 51.0 24.0 35.0 48.0 47.0 31.0 69.0 21.0 44.0 32.0 22.0 50.0 72.0 53.0 21.0 54.0 17.0 19.0 18.0 30.0 24.0 58.0 86.0 87.0 0.0 36.0 25.0 31.0 69.0 13.0 70.0 41.0 53.0 64.0 64.0 49.0 79.0 66.0 29.0 85.0 93.0 46.0 44.0 44.0 21.0 53.0 46.0 10.0 20.0 42.0 87.0 100.0 36.0 0.0 13.0 64.0 64.0 1.0 59.0 45.0 52.0 54.0 68.0 40.0 68.0 56.0 24.0 74.0 88.0 49.0 37.0 49.0 13.0 42.0 38.0 12.0 9.0 48.0 89.0 98.0 25.0 13.0 0.0 54.0 68.0 53.0 14.0 57.0 45.0 0.0 71.0 17.0 29.0 5.0 39.0 24.0 48.0 61.0 23.0 63.0 43.0 24.0 18.0 56.0 55.0 71.0 79.0 69.0 31.0 64.0 54.0 0.0 71.0 67.0 84.0 23.0 27.0 71.0 0.0 59.0 100.0 76.0 49.0 94.0 60.0 19.0 53.0 20.0 60.0 82.0 60.0 57.0 76.0 26.0 25.0 51.0 69.0 64.0 68.0 71.0 0.0 
14 11 9 8 
8 25 14 82 52 25 56 43 25 75 75 25 27 59 1 91 21 78 28 37 16 97 72 84 57 24 30 53 56 21 16 33 4 65 25 57 19 20 0 27 54 11 95 39 93 72 10 48 13 13 8 24 25 75 75 25 