4 20 2 4 3 192 125 384 250 5 21
21 11 0 0 27 14 0 0 0 0 23 24 0 0 19 29 
0 2 0 1 0 0 1 0 3 0 0 5 0 4 0 1 0 0 5 0 5 4 5 0 2 1 5 5 0 0 2 2 0 0 0 5 5 0 0 0 3 0 5 0 3 2 0 0 2 0 0 3 3 0 0 1 0 0 0 5 1 0 2 0 0 1 0 0 0 3 0 3 3 0 0 0 0 0 0 1 
0 1 1 0 0 0 0 0 0 1 1 0 0 1 0 1 1 1 0 0 
1 1 1 1 1 1 1 1 1 1 1 1 1 1 1 1 1 1 1 1 1 1 1 1 1 1 1 1 1 1 1 1 1 1 1 1 1 1 1 1 1 1 1 1 1 1 1 1 1 1 1 1 1 1 1 1 1 1 1 1 1 1 1 1 1 1 1 1 1 1 1 1 1 1 1 1 1 1 1 1 1 1 1 1 1 1 1 1 1 1 1 1 1 1 1 1 1 1 1 1 
0 0 4 5 0 0 2 5 0 0 0 0 1 2 0 0 3 4 0 0 0 0 5 5 0 0 3 3 0 0 4 5 0 0 0 0 3 5 0 0 1 4 4 5 5 5 0 0 4 5 4 5 5 5 1 1 0 0 0 0 5 5 5 5 0 0 0 0 0 0 3 5 1 4 0 0 0 0 0 0 3 4 0 0 4 5 0 0 4 5 5 5 0 0 0 0 5 5 0 0 0 0 2 5 4 5 0 0 0 0 1 1 0 0 0 0 0 0 2 3 1 4 0 0 2 4 0 0 0 0 1 3 0 0 0 0 0 0 5 5 0 0 4 5 5 5 0 0 0 0 0 0 0 0 0 0 0 0 1 4 
2 1 1 1 
0.0 32.0 25.0 70.0 56.0 16.0 21.0 33.0 37.0 10.0 33.0 48.0 21.0 57.0 38.0 70.0 72.0 61.0 65.0 42.0 31.0 29.0 60.0 29.0 51.0 69.0 56.0 16.0 32.0 0.0 53.0 83.0 64.0 37.0 35.0 48.0 68.0 39.0 15.0 80.0 41.0 46.0 68.0 84.0 103.0 84.0 39.0 65.0 51.0 34.0 80.0 60.0 80.0 74.0 64.0 37.0 25.0 53.0 0.0 53.0 45.0 36.0 42.0 24.0 17.0 26.0 57.0 33.0 40.0 61.0 15.0 53.0 50.0 39.0 78.0 21.0 46.0 52.0 40.0 22.0 27.0 59.0 45.0 36.0 70.0 83.0 53.0 0.0 21.0 85.0 90.0 39.0 60.0 76.0 95.0 76.0 90.0 55.0 53.0 2.0 70.0 25.0 85.0 33.0 98.0 98.0 18.0 73.0 47.0 22.0 21.0 85.0 56.0 64.0 45.0 21.0 0.0 71.0 76.0 24.0 57.0 63.0 76.0 74.0 76.0 35.0 51.0 22.0 76.0 35.0 65.0 30.0 86.0 83.0 27.0 66.0 50.0 15.0 0.0 71.0 16.0 37.0 36.0 85.0 71.0 0.0 8.0 48.0 43.0 10.0 32.0 48.0 5.0 71.0 46.0 85.0 77.0 74.0 74.0 56.0 16.0 18.0 74.0 29.0 61.0 85.0 71.0 0.0 21.0 35.0 42.0 90.0 76.0 8.0 0.0 53.0 50.0 17.0 27.0 55.0 7.0 73.0 54.0 91.0 84.0 80.0 73.0 62.0 17.0 11.0 80.0 36.0 68.0 89.0 76.0 8.0 33.0 48.0 24.0 39.0 24.0 48.0 53.0 0.0 39.0 39.0 57.0 56.0 53.0 39.0 34.0 39.0 67.0 37.0 61.0 20.0 62.0 61.0 33.0 44.0 40.0 38.0 24.0 48.0 37.0 68.0 17.0 60.0 57.0 43.0 50.0 39.0 0.0 35.0 70.0 17.0 46.0 78.0 8.0 60.0 35.0 40.0 95.0 29.0 48.0 60.0 44.0 17.0 20.0 71.0 57.0 43.0 10.0 39.0 26.0 76.0 63.0 10.0 17.0 39.0 35.0 0.0 37.0 43.0 14.0 66.0 38.0 76.0 69.0 64.0 73.0 46.0 23.0 27.0 64.0 23.0 52.0 77.0 63.0 10.0 33.0 15.0 57.0 95.0 76.0 32.0 27.0 57.0 70.0 37.0 0.0 79.0 33.0 61.0 71.0 95.0 105.0 92.0 52.0 73.0 42.0 22.0 89.0 59.0 84.0 87.0 76.0 32.0 48.0 80.0 33.0 76.0 74.0 48.0 55.0 56.0 17.0 43.0 79.0 0.0 49.0 94.0 24.0 75.0 32.0 53.0 110.0 45.0 48.0 65.0 59.0 20.0 31.0 88.0 74.0 48.0 21.0 41.0 40.0 90.0 76.0 5.0 7.0 53.0 46.0 14.0 33.0 49.0 0.0 76.0 50.0 90.0 79.0 78.0 78.0 60.0 12.0 16.0 78.0 30.0 64.0 90.0 76.0 5.0 57.0 46.0 61.0 55.0 35.0 71.0 73.0 39.0 78.0 66.0 61.0 94.0 76.0 0.0 73.0 56.0 105.0 68.0 31.0 57.0 87.0 76.0 61.0 80.0 78.0 37.0 35.0 71.0 38.0 68.0 15.0 53.0 51.0 46.0 54.0 34.0 8.0 38.0 71.0 24.0 50.0 73.0 0.0 53.0 35.0 33.0 93.0 22.0 54.0 64.0 37.0 23.0 15.0 64.0 51.0 46.0 70.0 84.0 53.0 2.0 22.0 85.0 91.0 39.0 60.0 76.0 95.0 75.0 90.0 56.0 53.0 0.0 69.0 25.0 86.0 33.0 98.0 99.0 17.0 73.0 46.0 23.0 22.0 85.0 72.0 103.0 50.0 70.0 76.0 77.0 84.0 67.0 35.0 69.0 105.0 32.0 79.0 105.0 35.0 69.0 0.0 45.0 127.0 49.0 79.0 94.0 53.0 49.0 28.0 87.0 76.0 77.0 61.0 84.0 39.0 25.0 35.0 74.0 80.0 37.0 40.0 64.0 92.0 53.0 78.0 68.0 33.0 25.0 45.0 0.0 95.0 20.0 84.0 90.0 9.0 55.0 23.0 44.0 35.0 74.0 65.0 39.0 78.0 85.0 65.0 74.0 73.0 61.0 95.0 73.0 52.0 110.0 78.0 31.0 93.0 86.0 127.0 95.0 0.0 81.0 89.0 72.0 89.0 92.0 100.0 67.0 65.0 74.0 42.0 65.0 21.0 33.0 30.0 56.0 62.0 20.0 29.0 46.0 73.0 45.0 60.0 57.0 22.0 33.0 49.0 20.0 81.0 0.0 67.0 71.0 19.0 41.0 22.0 43.0 30.0 56.0 31.0 51.0 46.0 98.0 86.0 16.0 17.0 62.0 48.0 23.0 42.0 48.0 12.0 87.0 54.0 98.0 79.0 84.0 89.0 67.0 0.0 21.0 85.0 32.0 68.0 100.0 86.0 16.0 29.0 34.0 52.0 98.0 83.0 18.0 11.0 61.0 60.0 27.0 22.0 65.0 16.0 76.0 64.0 99.0 94.0 90.0 72.0 71.0 21.0 0.0 89.0 45.0 77.0 96.0 83.0 18.0 60.0 80.0 40.0 18.0 27.0 74.0 80.0 33.0 44.0 64.0 89.0 59.0 78.0 61.0 37.0 17.0 53.0 9.0 89.0 19.0 85.0 89.0 0.0 58.0 29.0 35.0 27.0 74.0 29.0 60.0 22.0 73.0 66.0 29.0 36.0 44.0 17.0 23.0 59.0 20.0 30.0 80.0 23.0 73.0 49.0 55.0 92.0 41.0 32.0 45.0 58.0 0.0 37.0 80.0 66.0 29.0 51.0 80.0 27.0 47.0 50.0 61.0 68.0 40.0 20.0 52.0 84.0 31.0 64.0 78.0 15.0 46.0 28.0 23.0 100.0 22.0 68.0 77.0 29.0 37.0 0.0 62.0 50.0 61.0 69.0 74.0 59.0 22.0 15.0 85.0 89.0 38.0 71.0 77.0 87.0 88.0 90.0 37.0 64.0 23.0 87.0 44.0 67.0 43.0 100.0 96.0 35.0 80.0 62.0 0.0 15.0 85.0 56.0 64.0 45.0 21.0 0.0 71.0 76.0 24.0 57.0 63.0 76.0 74.0 76.0 35.0 51.0 22.0 76.0 35.0 65.0 30.0 86.0 83.0 27.0 66.0 50.0 15.0 0.0 71.0 16.0 37.0 36.0 85.0 71.0 0.0 8.0 48.0 43.0 10.0 32.0 48.0 5.0 71.0 46.0 85.0 77.0 74.0 74.0 56.0 16.0 18.0 74.0 29.0 61.0 85.0 71.0 0.0 
4 1 15 14 
63 35 40 13 66 59 28 95 25 75 75 25 74 18 43 60 81 67 72 34 52 4 98 67 79 22 7 45 75 71 29 96 97 98 53 95 2 15 54 76 90 20 73 8 45 92 86 51 73 85 12 81 25 75 75 25 