4 10 2 4 3 171 125 342 250 5 11
15 11 0 0 22 13 0 0 0 0 10 16 0 0 7 14 
4 0 0 5 0 0 3 2 0 0 1 0 0 3 0 0 4 5 5 0 3 2 0 2 3 3 2 0 1 2 0 3 4 5 0 1 4 0 2 5 
0 1 0 1 0 1 0 0 0 0 0 1 1 1 0 0 1 1 0 1 
1 1 1 1 1 1 1 1 1 1 1 1 1 1 1 1 1 1 1 1 1 1 1 1 1 1 1 1 1 1 1 1 1 1 1 1 1 1 1 1 1 1 1 1 1 1 1 1 1 1 
4 4 0 0 0 0 4 5 0 0 0 0 1 5 5 5 0 0 0 0 5 5 0 0 0 0 3 4 0 0 0 0 3 4 1 3 2 2 0 0 3 4 1 3 0 0 4 5 1 3 4 5 3 4 0 0 1 2 1 1 0 0 5 5 3 4 2 5 0 0 5 5 3 4 0 0 5 5 1 2 
4 3 4 3 
0.0 49.0 80.0 115.0 75.0 58.0 74.0 5.0 56.0 26.0 95.0 80.0 68.0 47.0 93.0 46.0 75.0 58.0 49.0 0.0 46.0 71.0 60.0 14.0 73.0 44.0 37.0 31.0 57.0 39.0 33.0 16.0 45.0 14.0 60.0 14.0 80.0 46.0 0.0 42.0 30.0 54.0 51.0 75.0 26.0 73.0 17.0 16.0 14.0 36.0 45.0 60.0 30.0 54.0 115.0 71.0 42.0 0.0 68.0 71.0 89.0 110.0 66.0 102.0 26.0 35.0 49.0 69.0 37.0 82.0 68.0 71.0 75.0 60.0 30.0 68.0 0.0 71.0 22.0 71.0 24.0 77.0 43.0 44.0 34.0 44.0 74.0 72.0 0.0 71.0 58.0 14.0 54.0 71.0 71.0 0.0 86.0 53.0 49.0 36.0 61.0 43.0 42.0 29.0 40.0 13.0 71.0 0.0 74.0 73.0 51.0 89.0 22.0 86.0 0.0 71.0 38.0 83.0 64.0 65.0 53.0 57.0 94.0 84.0 22.0 86.0 5.0 44.0 75.0 110.0 71.0 53.0 71.0 0.0 52.0 23.0 90.0 75.0 64.0 42.0 88.0 42.0 71.0 53.0 56.0 37.0 26.0 66.0 24.0 49.0 38.0 52.0 0.0 55.0 42.0 34.0 19.0 21.0 60.0 49.0 24.0 49.0 26.0 31.0 73.0 102.0 77.0 36.0 83.0 23.0 55.0 0.0 85.0 69.0 60.0 38.0 74.0 23.0 77.0 36.0 95.0 57.0 17.0 26.0 43.0 61.0 64.0 90.0 42.0 85.0 0.0 19.0 27.0 49.0 41.0 69.0 43.0 61.0 80.0 39.0 16.0 35.0 44.0 43.0 65.0 75.0 34.0 69.0 19.0 0.0 15.0 34.0 30.0 52.0 44.0 43.0 68.0 33.0 14.0 49.0 34.0 42.0 53.0 64.0 19.0 60.0 27.0 15.0 0.0 23.0 42.0 47.0 34.0 42.0 47.0 16.0 36.0 69.0 44.0 29.0 57.0 42.0 21.0 38.0 49.0 34.0 23.0 0.0 50.0 29.0 44.0 29.0 93.0 45.0 45.0 37.0 74.0 40.0 94.0 88.0 60.0 74.0 41.0 30.0 42.0 50.0 0.0 52.0 74.0 40.0 46.0 14.0 60.0 82.0 72.0 13.0 84.0 42.0 49.0 23.0 69.0 52.0 47.0 29.0 52.0 0.0 72.0 13.0 75.0 60.0 30.0 68.0 0.0 71.0 22.0 71.0 24.0 77.0 43.0 44.0 34.0 44.0 74.0 72.0 0.0 71.0 58.0 14.0 54.0 71.0 71.0 0.0 86.0 53.0 49.0 36.0 61.0 43.0 42.0 29.0 40.0 13.0 71.0 0.0 
1 13 10 15 
23 1 62 29 54 74 90 94 25 75 75 25 4 72 26 5 37 55 48 2 66 85 68 67 55 61 50 39 96 58 66 16 25 75 75 25 