4 10 2 4 3 169 125 337 250 5 11
12 9 0 0 12 8 0 0 0 0 14 20 0 0 15 24 
5 4 3 2 5 4 1 3 0 0 4 0 4 0 3 4 0 1 2 5 0 0 0 3 2 0 5 5 3 2 1 0 0 0 0 5 0 0 1 0 
0 1 0 0 1 0 0 1 0 0 1 1 0 0 0 1 1 0 1 1 
1 1 1 1 1 1 1 1 1 1 1 1 1 1 1 1 1 1 1 1 1 1 1 1 1 1 1 1 1 1 1 1 1 1 1 1 1 1 1 1 1 1 1 1 1 1 1 1 1 1 
1 2 5 5 4 5 5 5 1 2 1 2 2 5 4 5 0 0 0 0 5 5 0 0 2 3 0 0 4 5 4 5 0 0 5 5 4 5 5 5 0 0 0 0 0 0 1 2 3 4 0 0 2 3 4 5 3 4 5 5 3 4 0 0 0 0 0 0 0 0 2 3 0 0 0 0 4 5 0 0 
1 5 1 3 
0.0 23.0 75.0 78.0 24.0 91.0 72.0 24.0 74.0 78.0 54.0 35.0 88.0 100.0 7.0 76.0 24.0 91.0 23.0 0.0 78.0 80.0 10.0 78.0 49.0 17.0 58.0 58.0 64.0 17.0 75.0 91.0 19.0 53.0 10.0 78.0 75.0 78.0 0.0 4.0 68.0 54.0 100.0 62.0 61.0 82.0 31.0 94.0 58.0 46.0 79.0 103.0 68.0 54.0 78.0 80.0 4.0 0.0 72.0 56.0 103.0 65.0 64.0 85.0 32.0 97.0 60.0 48.0 82.0 106.0 72.0 56.0 24.0 10.0 68.0 72.0 0.0 71.0 51.0 8.0 52.0 55.0 56.0 26.0 68.0 83.0 21.0 55.0 0.0 71.0 91.0 78.0 54.0 56.0 71.0 0.0 71.0 68.0 25.0 44.0 75.0 88.0 8.0 19.0 91.0 71.0 71.0 0.0 72.0 49.0 100.0 103.0 51.0 71.0 0.0 56.0 47.0 29.0 100.0 43.0 64.0 88.0 67.0 5.0 51.0 71.0 24.0 17.0 62.0 65.0 8.0 68.0 56.0 0.0 50.0 56.0 49.0 33.0 65.0 78.0 23.0 60.0 8.0 68.0 74.0 58.0 61.0 64.0 52.0 25.0 47.0 50.0 0.0 22.0 74.0 65.0 19.0 43.0 72.0 48.0 52.0 25.0 78.0 58.0 82.0 85.0 55.0 44.0 29.0 56.0 22.0 0.0 90.0 60.0 37.0 62.0 75.0 29.0 55.0 44.0 54.0 64.0 31.0 32.0 56.0 75.0 100.0 49.0 74.0 90.0 0.0 81.0 78.0 74.0 59.0 104.0 56.0 75.0 35.0 17.0 94.0 97.0 26.0 88.0 43.0 33.0 65.0 60.0 81.0 0.0 84.0 103.0 29.0 47.0 26.0 88.0 88.0 75.0 58.0 60.0 68.0 8.0 64.0 65.0 19.0 37.0 78.0 84.0 0.0 26.0 88.0 65.0 68.0 8.0 100.0 91.0 46.0 48.0 83.0 19.0 88.0 78.0 43.0 62.0 74.0 103.0 26.0 0.0 101.0 90.0 83.0 19.0 7.0 19.0 79.0 82.0 21.0 91.0 67.0 23.0 72.0 75.0 59.0 29.0 88.0 101.0 0.0 71.0 21.0 91.0 76.0 53.0 103.0 106.0 55.0 71.0 5.0 60.0 48.0 29.0 104.0 47.0 65.0 90.0 71.0 0.0 55.0 71.0 24.0 10.0 68.0 72.0 0.0 71.0 51.0 8.0 52.0 55.0 56.0 26.0 68.0 83.0 21.0 55.0 0.0 71.0 91.0 78.0 54.0 56.0 71.0 0.0 71.0 68.0 25.0 44.0 75.0 88.0 8.0 19.0 91.0 71.0 71.0 0.0 
14 12 3 8 
22 98 16 76 93 75 96 76 25 75 75 25 5 29 32 77 51 31 32 21 75 100 0 71 68 23 93 29 17 94 4 25 25 75 75 25 