4 10 2 4 3 122 125 244 250 5 11
13 15 0 0 11 16 0 0 0 0 5 5 0 0 4 6 
0 0 1 0 0 5 0 0 2 5 0 3 4 2 0 3 0 3 1 0 3 0 0 0 0 0 1 0 3 5 0 2 0 1 0 0 1 0 3 0 
1 0 1 1 1 0 1 0 1 0 1 0 0 1 1 1 1 0 1 0 
1 1 1 1 1 1 1 1 1 1 1 1 1 1 1 1 1 1 1 1 1 1 1 1 1 1 1 1 1 1 1 1 1 1 1 1 1 1 1 1 1 1 1 1 1 1 1 1 1 1 
0 0 0 0 1 5 0 0 0 0 1 5 0 0 0 0 1 2 2 5 0 0 5 5 3 5 4 5 0 0 1 2 0 0 4 4 5 5 0 0 5 5 0 0 0 0 0 0 0 0 0 0 3 3 0 0 4 5 2 3 0 0 1 5 0 0 4 5 0 0 0 0 2 5 0 0 3 5 0 0 
1 4 3 4 
0.0 30.0 69.0 24.0 47.0 41.0 70.0 57.0 39.0 63.0 68.0 52.0 18.0 47.0 46.0 75.0 47.0 41.0 30.0 0.0 98.0 48.0 75.0 35.0 83.0 86.0 56.0 65.0 89.0 78.0 19.0 46.0 75.0 87.0 75.0 35.0 69.0 98.0 0.0 60.0 24.0 95.0 77.0 15.0 62.0 96.0 57.0 30.0 84.0 92.0 24.0 81.0 24.0 95.0 24.0 48.0 60.0 0.0 43.0 64.0 86.0 46.0 55.0 85.0 78.0 53.0 30.0 69.0 37.0 91.0 43.0 64.0 47.0 75.0 24.0 43.0 0.0 71.0 62.0 17.0 40.0 76.0 45.0 15.0 63.0 69.0 11.0 66.0 0.0 71.0 41.0 35.0 95.0 64.0 71.0 0.0 54.0 86.0 36.0 31.0 66.0 68.0 45.0 12.0 76.0 58.0 71.0 0.0 70.0 83.0 77.0 86.0 62.0 54.0 0.0 78.0 32.0 31.0 24.0 49.0 84.0 43.0 72.0 5.0 62.0 54.0 57.0 86.0 15.0 46.0 17.0 86.0 78.0 0.0 57.0 92.0 59.0 30.0 71.0 85.0 11.0 81.0 17.0 86.0 39.0 56.0 62.0 55.0 40.0 36.0 32.0 57.0 0.0 36.0 33.0 33.0 54.0 31.0 48.0 37.0 40.0 36.0 63.0 65.0 96.0 85.0 76.0 31.0 31.0 92.0 36.0 0.0 51.0 66.0 73.0 20.0 84.0 33.0 76.0 31.0 68.0 89.0 57.0 78.0 45.0 66.0 24.0 59.0 33.0 51.0 0.0 31.0 85.0 57.0 56.0 26.0 45.0 66.0 52.0 78.0 30.0 53.0 15.0 68.0 49.0 30.0 33.0 66.0 31.0 0.0 69.0 63.0 26.0 53.0 15.0 68.0 18.0 19.0 84.0 30.0 63.0 45.0 84.0 71.0 54.0 73.0 85.0 69.0 0.0 54.0 61.0 89.0 63.0 45.0 47.0 46.0 92.0 69.0 69.0 12.0 43.0 85.0 31.0 20.0 57.0 63.0 54.0 0.0 76.0 46.0 69.0 12.0 46.0 75.0 24.0 37.0 11.0 76.0 72.0 11.0 48.0 84.0 56.0 26.0 61.0 76.0 0.0 76.0 11.0 76.0 75.0 87.0 81.0 91.0 66.0 58.0 5.0 81.0 37.0 33.0 26.0 53.0 89.0 46.0 76.0 0.0 66.0 58.0 47.0 75.0 24.0 43.0 0.0 71.0 62.0 17.0 40.0 76.0 45.0 15.0 63.0 69.0 11.0 66.0 0.0 71.0 41.0 35.0 95.0 64.0 71.0 0.0 54.0 86.0 36.0 31.0 66.0 68.0 45.0 12.0 76.0 58.0 71.0 0.0 
14 7 13 10 
35 30 48 4 11 94 12 35 25 75 75 25 86 77 9 80 61 58 95 48 67 90 38 81 32 13 81 35 15 71 90 80 25 75 75 25 