4 10 2 4 3 93 125 185 250 5 11
11 9 0 0 6 5 0 0 0 0 19 8 0 0 14 16 
0 0 0 4 0 3 0 3 3 0 3 1 0 0 4 0 0 1 0 4 0 0 2 2 5 1 0 0 0 4 5 0 0 0 1 2 3 0 5 0 
0 1 0 1 0 0 0 1 0 1 1 0 1 1 1 1 1 1 1 1 
1 1 1 1 1 1 1 1 1 1 1 1 1 1 1 1 1 1 1 1 1 1 1 1 1 1 1 1 1 1 1 1 1 1 1 1 1 1 1 1 1 1 1 1 1 1 1 1 1 1 
0 0 0 0 0 0 3 5 0 0 1 2 0 0 2 3 3 5 0 0 2 5 4 5 0 0 0 0 3 4 0 0 0 0 4 5 0 0 1 3 0 0 0 0 1 1 4 5 5 5 4 5 0 0 0 0 0 0 2 3 5 5 0 0 0 0 0 0 1 3 3 5 1 4 0 0 3 4 0 0 
1 1 4 5 
0.0 37.0 22.0 64.0 68.0 26.0 83.0 54.0 43.0 36.0 64.0 39.0 35.0 30.0 78.0 83.0 68.0 26.0 37.0 0.0 58.0 54.0 60.0 60.0 99.0 30.0 8.0 49.0 91.0 47.0 10.0 10.0 74.0 86.0 60.0 60.0 22.0 58.0 0.0 78.0 81.0 16.0 82.0 73.0 64.0 45.0 55.0 49.0 56.0 51.0 89.0 89.0 81.0 16.0 64.0 54.0 78.0 0.0 7.0 69.0 63.0 28.0 50.0 37.0 74.0 31.0 45.0 49.0 22.0 37.0 7.0 69.0 68.0 60.0 81.0 7.0 0.0 71.0 58.0 34.0 57.0 38.0 72.0 33.0 51.0 55.0 15.0 31.0 0.0 71.0 26.0 60.0 16.0 69.0 71.0 0.0 67.0 69.0 66.0 34.0 41.0 39.0 55.0 52.0 77.0 76.0 71.0 0.0 83.0 99.0 82.0 63.0 58.0 67.0 0.0 85.0 99.0 51.0 35.0 52.0 90.0 90.0 50.0 33.0 58.0 67.0 54.0 30.0 73.0 28.0 34.0 69.0 85.0 0.0 25.0 44.0 88.0 39.0 23.0 29.0 49.0 64.0 34.0 69.0 43.0 8.0 64.0 50.0 57.0 66.0 99.0 25.0 0.0 51.0 94.0 48.0 11.0 14.0 71.0 84.0 57.0 66.0 36.0 49.0 45.0 37.0 38.0 34.0 51.0 44.0 51.0 0.0 45.0 6.0 40.0 40.0 45.0 47.0 38.0 34.0 64.0 91.0 55.0 74.0 72.0 41.0 35.0 88.0 94.0 45.0 0.0 49.0 83.0 82.0 70.0 59.0 72.0 41.0 39.0 47.0 49.0 31.0 33.0 39.0 52.0 39.0 48.0 6.0 49.0 0.0 38.0 38.0 41.0 45.0 33.0 39.0 35.0 10.0 56.0 45.0 51.0 55.0 90.0 23.0 11.0 40.0 83.0 38.0 0.0 6.0 64.0 76.0 51.0 55.0 30.0 10.0 51.0 49.0 55.0 52.0 90.0 29.0 14.0 40.0 82.0 38.0 6.0 0.0 68.0 78.0 55.0 52.0 78.0 74.0 89.0 22.0 15.0 77.0 50.0 49.0 71.0 45.0 70.0 41.0 64.0 68.0 0.0 19.0 15.0 77.0 83.0 86.0 89.0 37.0 31.0 76.0 33.0 64.0 84.0 47.0 59.0 45.0 76.0 78.0 19.0 0.0 31.0 76.0 68.0 60.0 81.0 7.0 0.0 71.0 58.0 34.0 57.0 38.0 72.0 33.0 51.0 55.0 15.0 31.0 0.0 71.0 26.0 60.0 16.0 69.0 71.0 0.0 67.0 69.0 66.0 34.0 41.0 39.0 55.0 52.0 77.0 76.0 71.0 0.0 
11 13 1 7 
52 13 16 16 73 10 22 69 25 75 75 25 80 91 9 45 10 21 52 49 95 60 47 51 20 25 24 21 31 88 48 95 25 75 75 25 