4 10 2 4 3 109 125 218 250 5 11
8 12 0 0 7 11 0 0 0 0 14 9 0 0 11 6 
2 5 3 4 2 2 0 0 5 0 0 0 4 0 0 3 0 0 2 0 0 2 3 4 1 4 0 0 0 1 0 0 0 1 3 0 0 0 3 0 
1 1 1 1 1 1 0 0 0 0 1 0 1 0 0 0 1 0 1 1 
1 1 1 1 1 1 1 1 1 1 1 1 1 1 1 1 1 1 1 1 1 1 1 1 1 1 1 1 1 1 1 1 1 1 1 1 1 1 1 1 1 1 1 1 1 1 1 1 1 1 
5 5 3 4 3 5 4 5 3 4 1 4 0 0 0 0 5 5 0 0 0 0 0 0 1 3 0 0 0 0 5 5 0 0 0 0 3 4 0 0 0 0 2 3 1 2 3 5 5 5 3 4 0 0 0 0 0 0 3 4 0 0 0 0 0 0 3 4 4 5 0 0 0 0 0 0 4 5 0 0 
3 5 3 3 
0.0 41.0 15.0 50.0 61.0 50.0 82.0 78.0 53.0 71.0 59.0 20.0 28.0 62.0 90.0 34.0 61.0 50.0 41.0 0.0 42.0 61.0 29.0 71.0 48.0 87.0 47.0 68.0 24.0 40.0 44.0 39.0 85.0 8.0 29.0 71.0 15.0 42.0 0.0 36.0 54.0 37.0 75.0 64.0 40.0 58.0 55.0 6.0 42.0 52.0 76.0 36.0 54.0 37.0 50.0 61.0 36.0 0.0 55.0 19.0 70.0 28.0 23.0 27.0 60.0 32.0 77.0 45.0 43.0 60.0 55.0 19.0 61.0 29.0 54.0 55.0 0.0 71.0 21.0 74.0 34.0 50.0 8.0 50.0 72.0 14.0 64.0 35.0 0.0 71.0 50.0 71.0 37.0 19.0 71.0 0.0 87.0 34.0 40.0 44.0 75.0 35.0 77.0 62.0 57.0 68.0 71.0 0.0 82.0 48.0 75.0 70.0 21.0 87.0 0.0 83.0 48.0 57.0 25.0 70.0 92.0 26.0 65.0 55.0 21.0 87.0 78.0 87.0 64.0 28.0 74.0 34.0 83.0 0.0 41.0 27.0 80.0 60.0 105.0 61.0 29.0 86.0 74.0 34.0 53.0 47.0 40.0 23.0 34.0 40.0 48.0 41.0 0.0 22.0 40.0 35.0 76.0 23.0 40.0 48.0 34.0 40.0 71.0 68.0 58.0 27.0 50.0 44.0 57.0 27.0 22.0 0.0 57.0 52.0 96.0 36.0 19.0 69.0 50.0 44.0 59.0 24.0 55.0 60.0 8.0 75.0 25.0 80.0 40.0 57.0 0.0 51.0 68.0 22.0 71.0 31.0 8.0 75.0 20.0 40.0 6.0 32.0 50.0 35.0 70.0 60.0 35.0 52.0 51.0 0.0 46.0 48.0 71.0 35.0 50.0 35.0 28.0 44.0 42.0 77.0 72.0 77.0 92.0 105.0 76.0 96.0 68.0 46.0 0.0 78.0 114.0 38.0 72.0 77.0 62.0 39.0 52.0 45.0 14.0 62.0 26.0 61.0 23.0 36.0 22.0 48.0 78.0 0.0 50.0 43.0 14.0 62.0 90.0 85.0 76.0 43.0 64.0 57.0 65.0 29.0 40.0 19.0 71.0 71.0 114.0 50.0 0.0 86.0 64.0 57.0 34.0 8.0 36.0 60.0 35.0 68.0 55.0 86.0 48.0 69.0 31.0 35.0 38.0 43.0 86.0 0.0 35.0 68.0 61.0 29.0 54.0 55.0 0.0 71.0 21.0 74.0 34.0 50.0 8.0 50.0 72.0 14.0 64.0 35.0 0.0 71.0 50.0 71.0 37.0 19.0 71.0 0.0 87.0 34.0 40.0 44.0 75.0 35.0 77.0 62.0 57.0 68.0 71.0 0.0 
10 2 15 5 
27 15 9 51 39 23 69 42 25 75 75 25 25 96 95 52 55 59 74 68 18 73 41 28 0 8 39 75 88 80 10 44 25 75 75 25 