4 10 2 4 3 147 125 293 250 5 11
5 6 0 0 6 7 0 0 0 0 10 13 0 0 16 14 
5 3 0 5 0 2 0 0 0 5 0 4 0 0 3 0 1 0 0 0 0 0 1 0 3 0 5 0 0 1 3 0 0 0 5 0 0 1 1 5 
1 1 1 0 0 0 1 0 1 0 0 1 0 0 1 1 0 1 1 0 
1 1 1 1 1 1 1 1 1 1 1 1 1 1 1 1 1 1 1 1 1 1 1 1 1 1 1 1 1 1 1 1 1 1 1 1 1 1 1 1 1 1 1 1 1 1 1 1 1 1 
3 4 1 4 0 0 4 5 0 0 1 3 0 0 0 0 0 0 3 4 0 0 5 5 0 0 0 0 2 3 0 0 1 4 0 0 0 0 0 0 0 0 0 0 3 3 0 0 3 4 0 0 4 5 0 0 0 0 4 5 3 4 0 0 0 0 0 0 3 3 0 0 0 0 1 2 1 1 4 5 
5 5 5 5 
0.0 44.0 100.0 72.0 71.0 5.0 48.0 48.0 70.0 21.0 10.0 70.0 57.0 59.0 69.0 83.0 71.0 5.0 44.0 0.0 58.0 34.0 30.0 44.0 23.0 7.0 27.0 65.0 52.0 64.0 23.0 31.0 47.0 41.0 30.0 44.0 100.0 58.0 0.0 29.0 29.0 100.0 54.0 58.0 45.0 120.0 105.0 74.0 44.0 72.0 86.0 19.0 29.0 100.0 72.0 34.0 29.0 0.0 11.0 73.0 26.0 37.0 34.0 93.0 77.0 52.0 16.0 57.0 73.0 18.0 11.0 73.0 71.0 30.0 29.0 11.0 0.0 71.0 29.0 30.0 23.0 92.0 77.0 62.0 19.0 48.0 63.0 13.0 0.0 71.0 5.0 44.0 100.0 73.0 71.0 0.0 49.0 47.0 68.0 22.0 13.0 73.0 57.0 57.0 65.0 83.0 71.0 0.0 48.0 23.0 54.0 26.0 29.0 49.0 0.0 29.0 42.0 68.0 51.0 42.0 11.0 53.0 69.0 41.0 29.0 49.0 48.0 7.0 58.0 37.0 30.0 47.0 29.0 0.0 22.0 68.0 56.0 70.0 27.0 25.0 41.0 40.0 30.0 47.0 70.0 27.0 45.0 34.0 23.0 68.0 42.0 22.0 0.0 90.0 78.0 80.0 34.0 28.0 42.0 28.0 23.0 68.0 21.0 65.0 120.0 93.0 92.0 22.0 68.0 68.0 90.0 0.0 17.0 83.0 77.0 77.0 84.0 104.0 92.0 22.0 10.0 52.0 105.0 77.0 77.0 13.0 51.0 56.0 78.0 17.0 0.0 68.0 61.0 69.0 78.0 89.0 77.0 13.0 70.0 64.0 74.0 52.0 62.0 73.0 42.0 70.0 80.0 83.0 68.0 0.0 47.0 94.0 110.0 69.0 62.0 73.0 57.0 23.0 44.0 16.0 19.0 57.0 11.0 27.0 34.0 77.0 61.0 47.0 0.0 51.0 67.0 30.0 19.0 57.0 59.0 31.0 72.0 57.0 48.0 57.0 53.0 25.0 28.0 77.0 69.0 94.0 51.0 0.0 17.0 55.0 48.0 57.0 69.0 47.0 86.0 73.0 63.0 65.0 69.0 41.0 42.0 84.0 78.0 110.0 67.0 17.0 0.0 69.0 63.0 65.0 83.0 41.0 19.0 18.0 13.0 83.0 41.0 40.0 28.0 104.0 89.0 69.0 30.0 55.0 69.0 0.0 13.0 83.0 71.0 30.0 29.0 11.0 0.0 71.0 29.0 30.0 23.0 92.0 77.0 62.0 19.0 48.0 63.0 13.0 0.0 71.0 5.0 44.0 100.0 73.0 71.0 0.0 49.0 47.0 68.0 22.0 13.0 73.0 57.0 57.0 65.0 83.0 71.0 0.0 
13 9 13 9 
72 22 50 60 1 91 17 68 25 75 75 25 32 47 53 66 45 86 85 6 70 13 3 18 28 57 72 81 86 89 18 85 25 75 75 25 