4 10 2 4 3 134 125 268 250 5 11
6 22 0 0 8 22 0 0 0 0 13 6 0 0 10 7 
4 0 4 0 0 2 0 0 0 0 2 4 0 4 2 0 0 1 0 1 4 5 1 3 0 2 0 3 2 2 2 0 0 1 0 0 0 5 5 0 
0 1 1 0 1 1 0 1 0 1 0 0 1 1 0 1 1 0 1 0 
1 1 1 1 1 1 1 1 1 1 1 1 1 1 1 1 1 1 1 1 1 1 1 1 1 1 1 1 1 1 1 1 1 1 1 1 1 1 1 1 1 1 1 1 1 1 1 1 1 1 
4 4 0 0 1 5 0 0 0 0 3 5 0 0 0 0 0 0 0 0 5 5 5 5 0 0 2 4 5 5 0 0 0 0 4 5 0 0 5 5 2 3 3 5 1 3 2 3 0 0 3 4 0 0 1 3 3 3 2 4 2 5 0 0 0 0 2 5 0 0 0 0 0 0 3 5 2 4 0 0 
3 1 2 3 
0.0 72.0 29.0 42.0 30.0 50.0 58.0 33.0 39.0 30.0 55.0 56.0 34.0 61.0 14.0 3.0 30.0 50.0 72.0 0.0 100.0 52.0 63.0 67.0 94.0 104.0 96.0 43.0 55.0 74.0 100.0 74.0 80.0 70.0 63.0 67.0 29.0 100.0 0.0 63.0 48.0 70.0 66.0 5.0 39.0 57.0 79.0 74.0 25.0 80.0 22.0 31.0 48.0 70.0 42.0 52.0 63.0 0.0 15.0 75.0 93.0 67.0 80.0 25.0 71.0 82.0 75.0 86.0 42.0 40.0 15.0 75.0 30.0 63.0 48.0 15.0 0.0 71.0 85.0 52.0 69.0 25.0 71.0 78.0 63.0 83.0 28.0 28.0 0.0 71.0 50.0 67.0 70.0 75.0 71.0 0.0 28.0 73.0 42.0 51.0 15.0 8.0 54.0 12.0 63.0 50.0 71.0 0.0 58.0 94.0 66.0 93.0 85.0 28.0 0.0 68.0 29.0 70.0 43.0 23.0 44.0 27.0 68.0 59.0 85.0 28.0 33.0 104.0 5.0 67.0 52.0 73.0 68.0 0.0 40.0 61.0 82.0 76.0 25.0 82.0 26.0 35.0 52.0 73.0 39.0 96.0 39.0 80.0 69.0 42.0 29.0 40.0 0.0 62.0 56.0 43.0 15.0 49.0 46.0 41.0 69.0 42.0 30.0 43.0 57.0 25.0 25.0 51.0 70.0 61.0 62.0 0.0 47.0 58.0 61.0 62.0 38.0 27.0 25.0 51.0 55.0 55.0 79.0 71.0 71.0 15.0 43.0 82.0 56.0 47.0 0.0 20.0 66.0 19.0 69.0 55.0 71.0 15.0 56.0 74.0 74.0 82.0 78.0 8.0 23.0 76.0 43.0 58.0 20.0 0.0 56.0 6.0 69.0 56.0 78.0 8.0 34.0 100.0 25.0 75.0 63.0 54.0 44.0 25.0 15.0 61.0 66.0 56.0 0.0 62.0 37.0 36.0 63.0 54.0 61.0 74.0 80.0 86.0 83.0 12.0 27.0 82.0 49.0 62.0 19.0 6.0 62.0 0.0 74.0 61.0 83.0 12.0 14.0 80.0 22.0 42.0 28.0 63.0 68.0 26.0 46.0 38.0 69.0 69.0 37.0 74.0 0.0 15.0 28.0 63.0 3.0 70.0 31.0 40.0 28.0 50.0 59.0 35.0 41.0 27.0 55.0 56.0 36.0 61.0 15.0 0.0 28.0 50.0 30.0 63.0 48.0 15.0 0.0 71.0 85.0 52.0 69.0 25.0 71.0 78.0 63.0 83.0 28.0 28.0 0.0 71.0 50.0 67.0 70.0 75.0 71.0 0.0 28.0 73.0 42.0 51.0 15.0 8.0 54.0 12.0 63.0 50.0 71.0 0.0 
14 12 2 9 
54 70 9 15 69 94 13 66 25 75 75 25 100 36 72 97 92 63 32 51 63 16 82 22 87 77 82 16 51 83 52 69 25 75 75 25 