4 10 2 4 3 100 125 199 250 5 11
15 7 0 0 10 8 0 0 0 0 2 24 0 0 3 19 
0 4 0 0 3 0 1 4 1 0 0 0 0 4 0 5 1 1 2 4 0 0 0 5 5 0 0 4 5 0 0 3 0 5 0 5 5 0 0 0 
0 1 0 1 0 1 0 1 0 0 1 0 1 0 0 1 0 1 1 1 
1 1 1 1 1 1 1 1 1 1 1 1 1 1 1 1 1 1 1 1 1 1 1 1 1 1 1 1 1 1 1 1 1 1 1 1 1 1 1 1 1 1 1 1 1 1 1 1 1 1 
0 0 2 5 0 0 0 0 5 5 0 0 4 5 4 5 5 5 0 0 0 0 0 0 0 0 5 5 0 0 3 5 5 5 3 3 1 3 2 4 0 0 0 0 0 0 4 5 4 5 0 0 0 0 2 5 3 5 0 0 0 0 4 5 0 0 4 5 0 0 4 5 2 2 0 0 0 0 0 0 
3 5 4 5 
0.0 40.0 6.0 28.0 17.0 60.0 12.0 87.0 48.0 36.0 73.0 48.0 49.0 19.0 17.0 45.0 17.0 60.0 40.0 0.0 38.0 32.0 51.0 21.0 49.0 47.0 11.0 69.0 47.0 18.0 59.0 22.0 40.0 8.0 51.0 21.0 6.0 38.0 0.0 31.0 15.0 58.0 12.0 84.0 45.0 35.0 68.0 48.0 44.0 16.0 11.0 42.0 15.0 58.0 28.0 32.0 31.0 0.0 45.0 48.0 39.0 74.0 42.0 63.0 77.0 29.0 71.0 26.0 40.0 40.0 45.0 48.0 17.0 51.0 15.0 45.0 0.0 71.0 7.0 96.0 57.0 20.0 73.0 62.0 37.0 30.0 13.0 54.0 0.0 71.0 60.0 21.0 58.0 48.0 71.0 0.0 69.0 27.0 17.0 89.0 46.0 21.0 74.0 42.0 60.0 18.0 71.0 0.0 12.0 49.0 12.0 39.0 7.0 69.0 0.0 95.0 56.0 25.0 76.0 59.0 43.0 28.0 15.0 53.0 7.0 69.0 87.0 47.0 84.0 74.0 96.0 27.0 95.0 0.0 40.0 114.0 52.0 45.0 94.0 68.0 85.0 43.0 96.0 27.0 48.0 11.0 45.0 42.0 57.0 17.0 56.0 40.0 0.0 74.0 38.0 24.0 58.0 29.0 45.0 3.0 57.0 17.0 36.0 69.0 35.0 63.0 20.0 89.0 25.0 114.0 74.0 0.0 84.0 81.0 38.0 49.0 30.0 72.0 20.0 89.0 73.0 47.0 68.0 77.0 73.0 46.0 76.0 52.0 38.0 84.0 0.0 61.0 53.0 56.0 62.0 40.0 73.0 46.0 48.0 18.0 48.0 29.0 62.0 21.0 59.0 45.0 24.0 81.0 61.0 0.0 75.0 34.0 53.0 22.0 62.0 21.0 49.0 59.0 44.0 71.0 37.0 74.0 43.0 94.0 58.0 38.0 53.0 75.0 0.0 46.0 33.0 58.0 37.0 74.0 19.0 22.0 16.0 26.0 30.0 42.0 28.0 68.0 29.0 49.0 56.0 34.0 46.0 0.0 20.0 26.0 30.0 42.0 17.0 40.0 11.0 40.0 13.0 60.0 15.0 85.0 45.0 30.0 62.0 53.0 33.0 20.0 0.0 43.0 13.0 60.0 45.0 8.0 42.0 40.0 54.0 18.0 53.0 43.0 3.0 72.0 40.0 22.0 58.0 26.0 43.0 0.0 54.0 18.0 17.0 51.0 15.0 45.0 0.0 71.0 7.0 96.0 57.0 20.0 73.0 62.0 37.0 30.0 13.0 54.0 0.0 71.0 60.0 21.0 58.0 48.0 71.0 0.0 69.0 27.0 17.0 89.0 46.0 21.0 74.0 42.0 60.0 18.0 71.0 0.0 
6 8 5 5 
42 75 62 41 39 70 69 72 25 75 75 25 31 78 86 1 60 31 7 82 35 3 79 45 4 45 48 57 30 64 60 34 25 75 75 25 