4 10 2 4 3 162 125 324 250 5 11
5 5 0 0 5 5 0 0 0 0 10 13 0 0 9 21 
0 0 0 5 0 2 3 1 2 2 5 2 2 0 0 4 0 0 0 4 0 0 1 0 0 2 0 4 0 0 4 5 5 0 0 0 0 0 2 0 
1 1 1 1 0 1 0 0 1 1 0 0 1 0 0 0 0 1 1 1 
1 1 1 1 1 1 1 1 1 1 1 1 1 1 1 1 1 1 1 1 1 1 1 1 1 1 1 1 1 1 1 1 1 1 1 1 1 1 1 1 1 1 1 1 1 1 1 1 1 1 
0 0 0 0 0 0 2 5 0 0 2 3 3 4 2 3 5 5 5 5 3 4 1 3 5 5 0 0 0 0 2 3 0 0 0 0 0 0 4 5 0 0 0 0 4 5 0 0 0 0 2 5 0 0 5 5 0 0 0 0 2 2 2 4 3 3 0 0 0 0 0 0 0 0 0 0 5 5 0 0 
1 1 2 2 
0.0 19.0 67.0 86.0 39.0 77.0 32.0 49.0 19.0 32.0 98.0 85.0 71.0 66.0 50.0 71.0 39.0 77.0 19.0 0.0 53.0 90.0 49.0 66.0 21.0 44.0 8.0 19.0 98.0 83.0 60.0 55.0 64.0 66.0 49.0 66.0 67.0 53.0 0.0 79.0 70.0 17.0 35.0 36.0 60.0 36.0 74.0 58.0 14.0 12.0 89.0 39.0 70.0 17.0 86.0 90.0 79.0 0.0 50.0 70.0 75.0 51.0 96.0 79.0 22.0 28.0 68.0 68.0 57.0 41.0 50.0 70.0 39.0 49.0 70.0 50.0 0.0 71.0 44.0 36.0 53.0 48.0 66.0 58.0 66.0 62.0 20.0 51.0 0.0 71.0 77.0 66.0 17.0 70.0 71.0 0.0 46.0 36.0 73.0 48.0 61.0 45.0 7.0 12.0 90.0 29.0 71.0 0.0 32.0 21.0 35.0 75.0 44.0 46.0 0.0 26.0 28.0 5.0 80.0 64.0 40.0 35.0 62.0 47.0 44.0 46.0 49.0 44.0 36.0 51.0 36.0 36.0 26.0 0.0 51.0 30.0 54.0 39.0 30.0 27.0 55.0 23.0 36.0 36.0 19.0 8.0 60.0 96.0 53.0 73.0 28.0 51.0 0.0 26.0 105.0 90.0 66.0 61.0 67.0 73.0 53.0 73.0 32.0 19.0 36.0 79.0 48.0 48.0 5.0 30.0 26.0 0.0 84.0 68.0 42.0 37.0 66.0 50.0 48.0 48.0 98.0 98.0 74.0 22.0 66.0 61.0 80.0 54.0 105.0 84.0 0.0 17.0 61.0 63.0 76.0 37.0 66.0 61.0 85.0 83.0 58.0 28.0 58.0 45.0 64.0 39.0 90.0 68.0 17.0 0.0 44.0 46.0 71.0 20.0 58.0 45.0 71.0 60.0 14.0 68.0 66.0 7.0 40.0 30.0 66.0 42.0 61.0 44.0 0.0 5.0 85.0 27.0 66.0 7.0 66.0 55.0 12.0 68.0 62.0 12.0 35.0 27.0 61.0 37.0 63.0 46.0 5.0 0.0 82.0 27.0 62.0 12.0 50.0 64.0 89.0 57.0 20.0 90.0 62.0 55.0 67.0 66.0 76.0 71.0 85.0 82.0 0.0 69.0 20.0 90.0 71.0 66.0 39.0 41.0 51.0 29.0 47.0 23.0 73.0 50.0 37.0 20.0 27.0 27.0 69.0 0.0 51.0 29.0 39.0 49.0 70.0 50.0 0.0 71.0 44.0 36.0 53.0 48.0 66.0 58.0 66.0 62.0 20.0 51.0 0.0 71.0 77.0 66.0 17.0 70.0 71.0 0.0 46.0 36.0 73.0 48.0 61.0 45.0 7.0 12.0 90.0 29.0 71.0 0.0 
10 8 9 15 
55 99 71 90 84 39 6 29 25 75 75 25 68 70 51 51 73 97 72 72 16 10 31 18 73 31 73 36 8 85 47 29 25 75 75 25 