4 10 2 4 3 126 125 252 250 5 11
11 10 0 0 18 6 0 0 0 0 14 7 0 0 19 8 
0 0 2 1 3 0 4 5 0 0 3 1 2 3 0 0 5 0 5 4 0 4 3 0 2 4 2 0 3 0 3 0 0 1 0 0 4 0 2 0 
0 1 0 0 1 0 1 1 0 1 0 0 1 0 0 1 0 1 0 1 
1 1 1 1 1 1 1 1 1 1 1 1 1 1 1 1 1 1 1 1 1 1 1 1 1 1 1 1 1 1 1 1 1 1 1 1 1 1 1 1 1 1 1 1 1 1 1 1 1 1 
0 0 0 0 5 5 3 5 2 4 0 0 3 4 2 4 0 0 0 0 3 4 5 5 4 5 1 5 0 0 0 0 1 4 0 0 4 5 5 5 0 0 3 5 5 5 0 0 1 4 4 5 5 5 0 0 3 5 0 0 4 5 0 0 0 0 3 5 0 0 0 0 1 5 0 0 3 4 0 0 
3 3 3 5 
0.0 66.0 103.0 104.0 97.0 28.0 71.0 23.0 71.0 86.0 94.0 58.0 54.0 71.0 74.0 48.0 97.0 28.0 66.0 0.0 70.0 53.0 64.0 55.0 34.0 54.0 14.0 21.0 81.0 14.0 20.0 31.0 48.0 55.0 64.0 55.0 103.0 70.0 0.0 29.0 7.0 76.0 38.0 80.0 57.0 68.0 29.0 81.0 59.0 40.0 30.0 58.0 7.0 76.0 104.0 53.0 29.0 0.0 27.0 81.0 33.0 83.0 40.0 45.0 56.0 66.0 51.0 33.0 37.0 67.0 27.0 81.0 97.0 64.0 7.0 27.0 0.0 71.0 32.0 75.0 51.0 63.0 30.0 75.0 53.0 34.0 24.0 53.0 0.0 71.0 28.0 55.0 76.0 81.0 71.0 0.0 48.0 5.0 55.0 74.0 67.0 52.0 38.0 50.0 48.0 20.0 71.0 0.0 71.0 34.0 38.0 33.0 32.0 48.0 0.0 51.0 22.0 40.0 48.0 44.0 22.0 3.0 15.0 37.0 32.0 48.0 23.0 54.0 80.0 83.0 75.0 5.0 51.0 0.0 56.0 74.0 71.0 50.0 38.0 51.0 51.0 25.0 75.0 5.0 71.0 14.0 57.0 40.0 51.0 55.0 22.0 56.0 0.0 20.0 70.0 26.0 19.0 20.0 37.0 51.0 51.0 55.0 86.0 21.0 68.0 45.0 63.0 74.0 40.0 74.0 20.0 0.0 87.0 32.0 37.0 37.0 54.0 71.0 63.0 74.0 94.0 81.0 29.0 56.0 30.0 67.0 48.0 71.0 70.0 87.0 0.0 90.0 65.0 51.0 34.0 47.0 30.0 67.0 58.0 14.0 81.0 66.0 75.0 52.0 44.0 50.0 26.0 32.0 90.0 0.0 25.0 41.0 56.0 57.0 75.0 52.0 54.0 20.0 59.0 51.0 53.0 38.0 22.0 38.0 19.0 37.0 65.0 25.0 0.0 21.0 33.0 35.0 53.0 38.0 71.0 31.0 40.0 33.0 34.0 50.0 3.0 51.0 20.0 37.0 51.0 41.0 21.0 0.0 18.0 39.0 34.0 50.0 74.0 48.0 30.0 37.0 24.0 48.0 15.0 51.0 37.0 54.0 34.0 56.0 33.0 18.0 0.0 31.0 24.0 48.0 48.0 55.0 58.0 67.0 53.0 20.0 37.0 25.0 51.0 71.0 47.0 57.0 35.0 39.0 31.0 0.0 53.0 20.0 97.0 64.0 7.0 27.0 0.0 71.0 32.0 75.0 51.0 63.0 30.0 75.0 53.0 34.0 24.0 53.0 0.0 71.0 28.0 55.0 76.0 81.0 71.0 0.0 48.0 5.0 55.0 74.0 67.0 52.0 38.0 50.0 48.0 20.0 71.0 0.0 
12 4 4 12 
100 14 88 78 19 76 39 97 25 75 75 25 56 69 80 25 75 80 83 98 13 48 99 71 76 62 58 71 44 61 57 33 25 75 75 25 