4 10 1 4 3 130 125 260 250 5 10
14 16 0 0 17 15 0 0 0 0 10 7 0 0 10 5 
0 4 0 3 0 3 3 0 3 1 0 0 4 0 0 1 0 4 0 0 2 2 5 1 0 0 0 4 5 0 0 0 1 2 3 0 5 0 4 1 
1 1 1 1 0 1 0 1 0 0 1 0 0 1 1 0 0 0 1 1 
1 1 1 1 1 1 1 1 1 1 1 1 1 1 1 1 1 1 1 1 1 1 1 1 1 1 1 1 1 1 1 1 1 1 1 1 1 1 1 1 1 1 1 1 1 1 1 1 1 1 
0 0 3 3 0 0 2 3 0 0 3 5 2 5 0 0 4 5 3 4 0 0 0 0 4 5 0 0 0 0 1 3 0 0 1 1 0 0 0 0 4 5 5 5 4 5 2 3 0 0 0 0 0 0 5 5 1 3 0 0 0 0 0 0 3 5 1 4 3 4 0 0 5 5 0 0 1 1 5 5 
3 3 5 1 
0.0 52.0 20.0 56.0 52.0 80.0 112.0 40.0 66.0 38.0 20.0 71.0 82.0 52.0 57.0 52.0 52.0 0.0 62.0 60.0 43.0 29.0 84.0 36.0 90.0 26.0 37.0 48.0 40.0 4.0 70.0 43.0 20.0 62.0 0.0 43.0 45.0 86.0 104.0 36.0 47.0 40.0 25.0 65.0 82.0 60.0 41.0 45.0 56.0 60.0 43.0 0.0 17.0 71.0 63.0 25.0 35.0 36.0 42.0 31.0 56.0 57.0 13.0 17.0 52.0 43.0 45.0 17.0 0.0 55.0 60.0 13.0 52.0 23.0 34.0 21.0 41.0 40.0 30.0 0.0 80.0 29.0 86.0 71.0 55.0 0.0 71.0 54.0 106.0 47.0 63.0 48.0 25.0 29.0 84.0 55.0 112.0 84.0 104.0 63.0 60.0 71.0 0.0 72.0 90.0 77.0 93.0 41.0 47.0 81.0 72.0 60.0 40.0 36.0 36.0 25.0 13.0 54.0 72.0 0.0 55.0 11.0 21.0 32.0 46.0 33.0 35.0 13.0 66.0 90.0 47.0 35.0 52.0 106.0 90.0 55.0 0.0 65.0 62.0 65.0 90.0 87.0 22.0 52.0 38.0 26.0 40.0 36.0 23.0 47.0 77.0 11.0 65.0 0.0 18.0 37.0 45.0 23.0 46.0 23.0 20.0 37.0 25.0 42.0 34.0 63.0 93.0 21.0 62.0 18.0 0.0 52.0 62.0 35.0 47.0 34.0 71.0 48.0 65.0 31.0 21.0 48.0 41.0 32.0 65.0 37.0 52.0 0.0 27.0 46.0 43.0 21.0 82.0 40.0 82.0 56.0 41.0 25.0 47.0 46.0 90.0 45.0 62.0 27.0 0.0 38.0 69.0 41.0 52.0 4.0 60.0 57.0 40.0 29.0 81.0 33.0 87.0 23.0 35.0 46.0 38.0 0.0 68.0 40.0 57.0 70.0 41.0 13.0 30.0 84.0 72.0 35.0 22.0 46.0 47.0 43.0 69.0 68.0 0.0 30.0 52.0 43.0 45.0 17.0 0.0 55.0 60.0 13.0 52.0 23.0 34.0 21.0 41.0 40.0 30.0 0.0 
8 4 11 13 
84 11 32 11 90 30 62 62 50 50 5 20 6 90 55 38 94 76 51 28 67 21 32 59 10 44 33 14 74 67 50 50 