4 10 1 4 3 115 125 230 250 5 10
20 6 0 0 13 6 0 0 0 0 5 14 0 0 5 11 
0 1 0 0 5 0 2 3 1 2 2 5 2 2 0 0 4 0 0 0 4 0 0 1 0 0 2 0 4 0 0 4 5 5 0 0 0 0 0 2 
0 0 0 0 1 1 1 1 1 1 0 1 0 0 1 0 0 0 1 0 
1 1 1 1 1 1 1 1 1 1 1 1 1 1 1 1 1 1 1 1 1 1 1 1 1 1 1 1 1 1 1 1 1 1 1 1 1 1 1 1 1 1 1 1 1 1 1 1 1 1 
0 0 1 4 0 0 0 0 4 5 0 0 2 5 2 5 2 4 5 5 3 4 1 3 5 5 2 3 0 0 0 0 4 5 0 0 0 0 0 0 4 5 0 0 0 0 2 5 0 0 0 0 5 5 0 0 2 2 0 0 0 0 2 4 3 3 5 5 0 0 0 0 0 0 0 0 0 0 1 2 
3 3 4 1 
0.0 39.0 28.0 59.0 8.0 32.0 33.0 12.0 19.0 29.0 16.0 65.0 37.0 41.0 34.0 8.0 39.0 0.0 65.0 33.0 36.0 57.0 62.0 37.0 22.0 24.0 39.0 41.0 28.0 78.0 70.0 36.0 28.0 65.0 0.0 78.0 35.0 23.0 42.0 29.0 46.0 48.0 29.0 93.0 64.0 14.0 6.0 35.0 59.0 33.0 78.0 0.0 60.0 61.0 89.0 51.0 49.0 32.0 50.0 69.0 60.0 90.0 82.0 60.0 8.0 36.0 35.0 60.0 0.0 39.0 29.0 19.0 15.0 31.0 23.0 59.0 30.0 47.0 40.0 0.0 32.0 57.0 23.0 61.0 39.0 0.0 58.0 23.0 44.0 35.0 20.0 92.0 65.0 33.0 26.0 39.0 33.0 62.0 42.0 89.0 29.0 58.0 0.0 44.0 41.0 60.0 48.0 70.0 44.0 48.0 45.0 29.0 12.0 37.0 29.0 51.0 19.0 23.0 44.0 0.0 22.0 20.0 4.0 70.0 43.0 42.0 34.0 19.0 19.0 22.0 46.0 49.0 15.0 44.0 41.0 22.0 0.0 23.0 25.0 49.0 22.0 59.0 51.0 15.0 29.0 24.0 48.0 32.0 31.0 35.0 60.0 20.0 23.0 0.0 20.0 64.0 43.0 60.0 52.0 31.0 16.0 39.0 29.0 50.0 23.0 20.0 48.0 4.0 25.0 20.0 0.0 73.0 47.0 42.0 34.0 23.0 65.0 41.0 93.0 69.0 59.0 92.0 70.0 70.0 49.0 64.0 73.0 0.0 30.0 105.0 98.0 59.0 37.0 28.0 64.0 60.0 30.0 65.0 44.0 43.0 22.0 43.0 47.0 30.0 0.0 75.0 69.0 30.0 41.0 78.0 14.0 90.0 47.0 33.0 48.0 42.0 59.0 60.0 42.0 105.0 75.0 0.0 8.0 47.0 34.0 70.0 6.0 82.0 40.0 26.0 45.0 34.0 51.0 52.0 34.0 98.0 69.0 8.0 0.0 40.0 8.0 36.0 35.0 60.0 0.0 39.0 29.0 19.0 15.0 31.0 23.0 59.0 30.0 47.0 40.0 0.0 
10 3 10 8 
57 47 55 85 71 23 84 99 50 50 87 39 30 29 68 51 51 64 73 70 72 51 16 97 31 72 73 10 73 18 50 50 