4 10 1 4 3 174 125 348 250 5 10
8 11 0 0 7 12 0 0 0 0 16 4 0 0 16 4 
0 3 0 1 0 0 5 0 0 2 5 0 3 4 2 0 3 0 3 1 0 3 0 0 0 0 0 1 0 3 5 0 2 0 1 0 0 1 0 3 
1 1 1 0 1 1 1 0 1 0 0 1 1 0 0 0 0 1 1 0 
1 1 1 1 1 1 1 1 1 1 1 1 1 1 1 1 1 1 1 1 1 1 1 1 1 1 1 1 1 1 1 1 1 1 1 1 1 1 1 1 1 1 1 1 1 1 1 1 1 1 
0 0 2 5 0 0 5 5 0 0 0 0 4 5 0 0 0 0 4 5 2 5 0 0 1 5 3 5 5 5 0 0 5 5 0 0 4 4 5 5 0 0 5 5 0 0 0 0 0 0 0 0 0 0 3 3 0 0 4 5 2 3 0 0 1 5 0 0 4 5 0 0 0 0 2 5 0 0 3 5 
5 4 5 5 
0.0 66.0 34.0 73.0 52.0 53.0 88.0 91.0 93.0 65.0 29.0 95.0 59.0 49.0 41.0 52.0 66.0 0.0 68.0 9.0 32.0 33.0 68.0 89.0 30.0 51.0 39.0 93.0 8.0 41.0 26.0 32.0 34.0 68.0 0.0 77.0 40.0 40.0 60.0 59.0 89.0 41.0 47.0 62.0 63.0 71.0 44.0 40.0 73.0 9.0 77.0 0.0 41.0 42.0 75.0 97.0 27.0 59.0 45.0 101.0 15.0 42.0 35.0 41.0 52.0 32.0 40.0 41.0 0.0 3.0 44.0 60.0 49.0 22.0 37.0 64.0 30.0 55.0 19.0 0.0 53.0 33.0 40.0 42.0 3.0 0.0 42.0 58.0 49.0 20.0 40.0 62.0 31.0 57.0 22.0 3.0 88.0 68.0 60.0 75.0 44.0 42.0 0.0 27.0 67.0 24.0 81.0 30.0 69.0 98.0 63.0 44.0 91.0 89.0 59.0 97.0 60.0 58.0 27.0 0.0 92.0 39.0 92.0 5.0 88.0 113.0 78.0 60.0 93.0 30.0 89.0 27.0 49.0 49.0 67.0 92.0 0.0 60.0 68.0 96.0 37.0 68.0 53.0 49.0 65.0 51.0 41.0 59.0 22.0 20.0 24.0 39.0 60.0 0.0 57.0 43.0 50.0 76.0 41.0 22.0 29.0 39.0 47.0 45.0 37.0 40.0 81.0 92.0 68.0 57.0 0.0 96.0 32.0 24.0 19.0 37.0 95.0 93.0 62.0 101.0 64.0 62.0 30.0 5.0 96.0 43.0 96.0 0.0 93.0 117.0 82.0 64.0 59.0 8.0 63.0 15.0 30.0 31.0 69.0 88.0 37.0 50.0 32.0 93.0 0.0 35.0 20.0 30.0 49.0 41.0 71.0 42.0 55.0 57.0 98.0 113.0 68.0 76.0 24.0 117.0 35.0 0.0 36.0 55.0 41.0 26.0 44.0 35.0 19.0 22.0 63.0 78.0 53.0 41.0 19.0 82.0 20.0 36.0 0.0 19.0 52.0 32.0 40.0 41.0 0.0 3.0 44.0 60.0 49.0 22.0 37.0 64.0 30.0 55.0 19.0 0.0 
15 15 14 7 
98 32 55 81 69 15 55 90 50 50 48 49 11 30 12 4 29 94 34 35 86 58 9 1 61 77 95 80 67 58 50 50 