4 10 1 4 3 168 125 336 250 5 10
11 9 0 0 6 7 0 0 0 0 15 12 0 0 23 15 
0 5 2 4 0 0 2 0 0 0 0 2 4 0 4 2 0 0 1 0 1 4 5 1 3 0 2 0 3 2 2 2 0 0 1 0 0 0 5 5 
0 1 1 1 0 1 0 1 1 0 1 1 0 1 0 0 0 0 1 1 
1 1 1 1 1 1 1 1 1 1 1 1 1 1 1 1 1 1 1 1 1 1 1 1 1 1 1 1 1 1 1 1 1 1 1 1 1 1 1 1 1 1 1 1 1 1 1 1 1 1 
0 0 3 4 1 5 3 5 0 0 0 0 5 5 0 0 0 0 0 0 0 0 5 5 2 4 0 0 5 5 4 5 0 0 0 0 5 5 0 0 2 3 3 5 1 3 2 3 3 4 0 0 1 3 0 0 3 3 2 4 2 5 2 5 0 0 0 0 3 5 0 0 0 0 0 0 2 4 2 4 
4 5 3 2 
0.0 59.0 24.0 72.0 51.0 76.0 34.0 101.0 76.0 94.0 56.0 64.0 83.0 95.0 88.0 51.0 59.0 0.0 64.0 44.0 22.0 66.0 45.0 58.0 19.0 39.0 72.0 36.0 36.0 36.0 29.0 22.0 24.0 64.0 0.0 61.0 48.0 58.0 23.0 92.0 79.0 92.0 33.0 56.0 77.0 98.0 90.0 48.0 72.0 44.0 61.0 0.0 28.0 25.0 40.0 32.0 43.0 42.0 46.0 10.0 24.0 57.0 50.0 28.0 51.0 22.0 48.0 28.0 0.0 46.0 26.0 52.0 32.0 45.0 51.0 19.0 33.0 51.0 43.0 0.0 76.0 66.0 58.0 25.0 46.0 0.0 44.0 49.0 67.0 65.0 32.0 31.0 48.0 82.0 75.0 46.0 34.0 45.0 23.0 40.0 26.0 44.0 0.0 71.0 57.0 69.0 32.0 34.0 55.0 76.0 69.0 26.0 101.0 58.0 92.0 32.0 52.0 49.0 71.0 0.0 45.0 29.0 77.0 37.0 22.0 49.0 45.0 52.0 76.0 19.0 79.0 43.0 32.0 67.0 57.0 45.0 0.0 22.0 80.0 37.0 26.0 20.0 12.0 32.0 94.0 39.0 92.0 42.0 45.0 65.0 69.0 29.0 22.0 0.0 86.0 40.0 19.0 21.0 18.0 45.0 56.0 72.0 33.0 46.0 51.0 32.0 32.0 77.0 80.0 86.0 0.0 47.0 68.0 98.0 91.0 51.0 64.0 36.0 56.0 10.0 19.0 31.0 34.0 37.0 37.0 40.0 47.0 0.0 23.0 53.0 46.0 19.0 83.0 36.0 77.0 24.0 33.0 48.0 55.0 22.0 26.0 19.0 68.0 23.0 0.0 36.0 29.0 33.0 95.0 36.0 98.0 57.0 51.0 82.0 76.0 49.0 20.0 21.0 98.0 53.0 36.0 0.0 8.0 51.0 88.0 29.0 90.0 50.0 43.0 75.0 69.0 45.0 12.0 18.0 91.0 46.0 29.0 8.0 0.0 43.0 51.0 22.0 48.0 28.0 0.0 46.0 26.0 52.0 32.0 45.0 51.0 19.0 33.0 51.0 43.0 0.0 
8 5 14 12 
0 52 54 29 9 74 69 70 50 50 63 94 30 66 100 63 72 28 92 36 32 97 63 63 82 51 87 16 82 22 50 50 