4 10 1 4 3 84 125 168 250 5 10
10 6 0 0 9 9 0 0 0 0 9 13 0 0 8 12 
0 0 2 5 3 4 2 2 0 0 5 0 0 0 4 0 0 3 0 0 2 0 0 2 3 4 1 4 0 0 0 1 0 0 0 1 3 0 0 0 
1 1 0 0 1 0 1 1 1 0 1 1 1 1 1 1 0 0 1 0 
1 1 1 1 1 1 1 1 1 1 1 1 1 1 1 1 1 1 1 1 1 1 1 1 1 1 1 1 1 1 1 1 1 1 1 1 1 1 1 1 1 1 1 1 1 1 1 1 1 1 
0 0 0 0 4 5 5 5 3 4 3 5 4 5 3 4 0 0 0 0 1 4 0 0 0 0 0 0 5 5 0 0 0 0 1 3 0 0 0 0 5 5 0 0 0 0 3 4 2 3 1 2 3 5 5 5 0 0 0 0 0 0 3 4 0 0 0 0 0 0 3 4 3 4 0 0 0 0 0 0 
1 5 3 2 
0.0 77.0 50.0 91.0 55.0 52.0 51.0 18.0 70.0 64.0 76.0 106.0 60.0 39.0 40.0 55.0 77.0 0.0 41.0 50.0 49.0 57.0 96.0 60.0 8.0 91.0 104.0 60.0 85.0 45.0 73.0 49.0 50.0 41.0 0.0 41.0 10.0 17.0 56.0 34.0 35.0 51.0 64.0 56.0 45.0 12.0 33.0 10.0 91.0 50.0 41.0 0.0 37.0 43.0 81.0 74.0 50.0 66.0 75.0 15.0 62.0 53.0 64.0 37.0 55.0 49.0 10.0 37.0 0.0 10.0 51.0 39.0 43.0 43.0 56.0 52.0 37.0 20.0 29.0 0.0 52.0 57.0 17.0 43.0 10.0 0.0 42.0 39.0 52.0 34.0 47.0 57.0 28.0 23.0 21.0 10.0 51.0 96.0 56.0 81.0 51.0 42.0 0.0 52.0 90.0 21.0 27.0 93.0 22.0 54.0 24.0 51.0 18.0 60.0 34.0 74.0 39.0 39.0 52.0 0.0 53.0 59.0 72.0 89.0 54.0 22.0 33.0 39.0 70.0 8.0 35.0 50.0 43.0 52.0 90.0 53.0 0.0 85.0 98.0 61.0 79.0 37.0 66.0 43.0 64.0 91.0 51.0 66.0 43.0 34.0 21.0 59.0 85.0 0.0 14.0 76.0 6.0 53.0 27.0 43.0 76.0 104.0 64.0 75.0 56.0 47.0 27.0 72.0 98.0 14.0 0.0 83.0 20.0 67.0 40.0 56.0 106.0 60.0 56.0 15.0 52.0 57.0 93.0 89.0 61.0 76.0 83.0 0.0 73.0 68.0 77.0 52.0 60.0 85.0 45.0 62.0 37.0 28.0 22.0 54.0 79.0 6.0 20.0 73.0 0.0 47.0 22.0 37.0 39.0 45.0 12.0 53.0 20.0 23.0 54.0 22.0 37.0 53.0 67.0 68.0 47.0 0.0 30.0 20.0 40.0 73.0 33.0 64.0 29.0 21.0 24.0 33.0 66.0 27.0 40.0 77.0 22.0 30.0 0.0 29.0 55.0 49.0 10.0 37.0 0.0 10.0 51.0 39.0 43.0 43.0 56.0 52.0 37.0 20.0 29.0 0.0 
8 7 10 2 
98 25 67 95 58 55 22 74 50 50 49 41 54 0 87 39 69 88 36 10 27 0 9 81 39 15 69 51 59 23 50 50 