2 10 1 2 3 57 125 114 250 5 10
11 11 13 20 
0 3 3 4 2 0 0 5 2 3 4 2 5 0 3 0 2 3 0 2 
1 1 0 0 1 0 1 1 1 0 
1 1 1 1 1 1 1 1 1 1 1 1 1 1 1 1 1 1 1 1 1 1 1 1 1 1 1 1 1 1 1 1 1 1 1 1 1 1 1 1 1 1 1 1 1 1 1 1 1 1 
0 0 4 5 3 5 3 5 2 3 0 0 0 0 4 5 1 4 4 5 5 5 2 5 2 2 0 0 1 3 0 0 3 5 4 5 0 0 5 5 
4 1 
0.0 51.0 49.0 83.0 66.0 19.0 41.0 60.0 95.0 74.0 49.0 58.0 35.0 49.0 51.0 0.0 19.0 37.0 29.0 56.0 12.0 65.0 62.0 68.0 30.0 73.0 39.0 19.0 49.0 19.0 0.0 36.0 48.0 47.0 15.0 46.0 50.0 49.0 11.0 56.0 50.0 0.0 83.0 37.0 36.0 0.0 53.0 83.0 44.0 69.0 35.0 63.0 41.0 82.0 75.0 36.0 66.0 29.0 48.0 53.0 0.0 77.0 37.0 93.0 85.0 96.0 58.0 100.0 38.0 48.0 19.0 56.0 47.0 83.0 77.0 0.0 45.0 44.0 87.0 60.0 43.0 40.0 51.0 47.0 41.0 12.0 15.0 44.0 37.0 45.0 0.0 56.0 64.0 62.0 23.0 63.0 35.0 15.0 60.0 65.0 46.0 69.0 93.0 44.0 56.0 0.0 56.0 17.0 36.0 15.0 83.0 46.0 95.0 62.0 50.0 35.0 85.0 87.0 64.0 56.0 0.0 43.0 47.0 71.0 98.0 50.0 74.0 68.0 49.0 63.0 96.0 60.0 62.0 17.0 43.0 0.0 39.0 30.0 92.0 49.0 49.0 30.0 11.0 41.0 58.0 43.0 23.0 36.0 47.0 39.0 0.0 46.0 56.0 11.0 58.0 73.0 56.0 82.0 100.0 40.0 63.0 15.0 71.0 30.0 46.0 0.0 85.0 56.0 35.0 39.0 50.0 75.0 38.0 51.0 35.0 83.0 98.0 92.0 56.0 85.0 0.0 50.0 49.0 19.0 0.0 36.0 48.0 47.0 15.0 46.0 50.0 49.0 11.0 56.0 50.0 0.0 
2 11 
5 32 56 32 50 50 85 54 65 5 3 50 45 36 25 88 81 88 39 97 45 59 11 89 28 6 50 50 