2 10 1 2 3 116 125 231 250 5 10
17 22 16 14 
4 1 0 5 2 1 0 3 1 1 1 2 2 1 5 3 5 3 1 5 
0 0 1 1 0 1 0 1 1 1 
1 1 1 1 1 1 1 1 1 1 1 1 1 1 1 1 1 1 1 1 1 1 1 1 1 1 1 1 1 1 1 1 1 1 1 1 1 1 1 1 1 1 1 1 1 1 1 1 1 1 
5 5 3 5 0 0 2 5 4 5 4 5 0 0 4 5 3 4 4 5 3 3 1 4 3 5 1 3 3 5 5 5 2 3 1 2 2 4 5 5 
4 5 
0.0 56.0 46.0 22.0 46.0 38.0 62.0 52.0 105.0 12.0 60.0 86.0 41.0 46.0 56.0 0.0 39.0 37.0 81.0 88.0 42.0 79.0 58.0 48.0 77.0 87.0 61.0 39.0 46.0 39.0 0.0 42.0 46.0 61.0 17.0 43.0 64.0 34.0 39.0 51.0 25.0 0.0 22.0 37.0 42.0 0.0 61.0 59.0 56.0 64.0 91.0 19.0 68.0 90.0 49.0 42.0 46.0 81.0 46.0 61.0 0.0 25.0 59.0 11.0 108.0 43.0 24.0 54.0 22.0 46.0 38.0 88.0 61.0 59.0 25.0 0.0 76.0 35.0 125.0 42.0 48.0 78.0 40.0 61.0 62.0 42.0 17.0 56.0 59.0 76.0 0.0 53.0 50.0 50.0 45.0 46.0 38.0 17.0 52.0 79.0 43.0 64.0 11.0 35.0 53.0 0.0 101.0 47.0 13.0 44.0 19.0 43.0 105.0 58.0 64.0 91.0 108.0 125.0 50.0 101.0 0.0 94.0 92.0 81.0 87.0 64.0 12.0 48.0 34.0 19.0 43.0 42.0 50.0 47.0 94.0 0.0 52.0 77.0 32.0 34.0 60.0 77.0 39.0 68.0 24.0 48.0 45.0 13.0 92.0 52.0 0.0 31.0 20.0 39.0 86.0 87.0 51.0 90.0 54.0 78.0 46.0 44.0 81.0 77.0 31.0 0.0 46.0 51.0 41.0 61.0 25.0 49.0 22.0 40.0 38.0 19.0 87.0 32.0 20.0 46.0 0.0 25.0 46.0 39.0 0.0 42.0 46.0 61.0 17.0 43.0 64.0 34.0 39.0 51.0 25.0 0.0 
12 13 
6 39 36 86 50 50 10 60 37 6 13 2 65 57 47 8 92 98 17 43 59 13 89 18 44 26 50 50 