2 10 1 2 3 33 125 65 250 5 10
17 6 10 7 
0 2 1 0 0 3 0 4 3 0 0 2 2 0 4 0 4 0 5 0 
0 0 1 0 0 1 1 1 1 0 
1 1 1 1 1 1 1 1 1 1 1 1 1 1 1 1 1 1 1 1 1 1 1 1 1 1 1 1 1 1 1 1 1 1 1 1 1 1 1 1 1 1 1 1 1 1 1 1 1 1 
0 0 5 5 4 5 0 0 0 0 5 5 0 0 3 5 3 4 0 0 0 0 3 4 4 5 0 0 1 4 0 0 5 5 0 0 3 4 0 0 
3 3 
0.0 79.0 52.0 55.0 63.0 65.0 32.0 44.0 59.0 110.0 84.0 32.0 70.0 52.0 79.0 0.0 52.0 25.0 20.0 82.0 75.0 37.0 24.0 66.0 18.0 98.0 13.0 52.0 52.0 52.0 0.0 37.0 49.0 31.0 30.0 41.0 31.0 59.0 47.0 54.0 39.0 0.0 55.0 25.0 37.0 0.0 13.0 68.0 53.0 14.0 9.0 73.0 32.0 75.0 17.0 37.0 63.0 20.0 49.0 13.0 0.0 80.0 65.0 20.0 19.0 80.0 33.0 85.0 20.0 49.0 65.0 82.0 31.0 68.0 80.0 0.0 34.0 70.0 62.0 65.0 73.0 50.0 69.0 31.0 32.0 75.0 30.0 53.0 65.0 34.0 0.0 49.0 52.0 86.0 73.0 25.0 63.0 30.0 44.0 37.0 41.0 14.0 20.0 70.0 49.0 0.0 22.0 85.0 46.0 67.0 30.0 41.0 59.0 24.0 31.0 9.0 19.0 62.0 52.0 22.0 0.0 65.0 26.0 75.0 12.0 31.0 110.0 66.0 59.0 73.0 80.0 65.0 86.0 85.0 65.0 0.0 49.0 110.0 61.0 59.0 84.0 18.0 47.0 32.0 33.0 73.0 73.0 46.0 26.0 49.0 0.0 97.0 16.0 47.0 32.0 98.0 54.0 75.0 85.0 50.0 25.0 67.0 75.0 110.0 97.0 0.0 86.0 54.0 70.0 13.0 39.0 17.0 20.0 69.0 63.0 30.0 12.0 61.0 16.0 86.0 0.0 39.0 52.0 52.0 0.0 37.0 49.0 31.0 30.0 41.0 31.0 59.0 47.0 54.0 39.0 0.0 
5 6 
77 6 2 30 50 50 25 23 15 16 73 70 76 37 34 13 25 32 13 95 4 47 99 28 14 35 50 50 