2 10 1 2 3 29 125 58 250 5 10
8 13 13 19 
4 5 0 3 3 0 2 2 0 3 1 2 0 2 0 5 1 0 3 4 
1 0 0 0 1 1 0 1 0 1 
1 1 1 1 1 1 1 1 1 1 1 1 1 1 1 1 1 1 1 1 1 1 1 1 1 1 1 1 1 1 1 1 1 1 1 1 1 1 1 1 1 1 1 1 1 1 1 1 1 1 
2 4 2 3 0 0 3 5 5 5 0 0 2 3 5 5 0 0 1 3 4 5 2 4 0 0 3 5 0 0 3 4 1 3 0 0 2 4 1 5 
3 4 
0.0 76.0 54.0 43.0 89.0 17.0 59.0 16.0 100.0 53.0 90.0 77.0 85.0 54.0 76.0 0.0 48.0 90.0 90.0 61.0 93.0 66.0 55.0 85.0 56.0 97.0 17.0 48.0 54.0 48.0 0.0 46.0 48.0 38.0 46.0 39.0 47.0 39.0 37.0 50.0 64.0 0.0 43.0 90.0 46.0 0.0 56.0 40.0 18.0 35.0 88.0 16.0 76.0 38.0 104.0 46.0 89.0 90.0 48.0 56.0 0.0 77.0 40.0 74.0 55.0 40.0 44.0 23.0 107.0 48.0 17.0 61.0 38.0 40.0 77.0 0.0 53.0 6.0 83.0 46.0 74.0 68.0 72.0 38.0 59.0 93.0 46.0 18.0 40.0 53.0 0.0 48.0 81.0 8.0 69.0 21.0 109.0 46.0 16.0 66.0 39.0 35.0 74.0 6.0 48.0 0.0 85.0 42.0 75.0 65.0 77.0 39.0 100.0 55.0 47.0 88.0 55.0 83.0 81.0 85.0 0.0 76.0 13.0 73.0 70.0 47.0 53.0 85.0 39.0 16.0 40.0 46.0 8.0 42.0 76.0 0.0 64.0 24.0 101.0 39.0 90.0 56.0 37.0 76.0 44.0 74.0 69.0 75.0 13.0 64.0 0.0 61.0 71.0 37.0 77.0 97.0 50.0 38.0 23.0 68.0 21.0 65.0 73.0 24.0 61.0 0.0 114.0 50.0 85.0 17.0 64.0 104.0 107.0 72.0 109.0 77.0 70.0 101.0 71.0 114.0 0.0 64.0 54.0 48.0 0.0 46.0 48.0 38.0 46.0 39.0 47.0 39.0 37.0 50.0 64.0 0.0 
1 5 
92 83 17 84 50 50 95 41 55 3 77 76 88 25 81 72 8 30 83 31 20 29 77 8 9 99 50 50 