2 10 1 2 3 86 125 172 250 5 10
12 16 18 13 
0 4 0 3 3 2 0 1 4 0 5 4 5 0 2 0 0 5 1 0 
0 0 0 1 0 1 0 0 0 1 
1 1 1 1 1 1 1 1 1 1 1 1 1 1 1 1 1 1 1 1 1 1 1 1 1 1 1 1 1 1 1 1 1 1 1 1 1 1 1 1 1 1 1 1 1 1 1 1 1 1 
0 0 1 5 0 0 3 5 1 2 2 5 0 0 5 5 5 5 0 0 3 5 1 3 5 5 0 0 5 5 0 0 0 0 5 5 4 5 0 0 
4 3 
0.0 79.0 66.0 20.0 85.0 24.0 45.0 32.0 62.0 86.0 55.0 111.0 97.0 66.0 79.0 0.0 19.0 60.0 12.0 67.0 39.0 67.0 26.0 32.0 27.0 33.0 31.0 19.0 66.0 19.0 0.0 47.0 20.0 51.0 35.0 50.0 8.0 26.0 24.0 47.0 49.0 0.0 20.0 60.0 47.0 0.0 66.0 19.0 28.0 27.0 44.0 68.0 36.0 92.0 79.0 47.0 85.0 12.0 20.0 66.0 0.0 70.0 48.0 69.0 26.0 23.0 36.0 28.0 39.0 20.0 24.0 67.0 51.0 19.0 70.0 0.0 43.0 10.0 45.0 67.0 47.0 98.0 91.0 51.0 45.0 39.0 35.0 28.0 48.0 43.0 0.0 48.0 36.0 60.0 13.0 71.0 52.0 35.0 32.0 67.0 50.0 27.0 69.0 10.0 48.0 0.0 43.0 62.0 50.0 96.0 93.0 50.0 62.0 26.0 8.0 44.0 26.0 45.0 36.0 43.0 0.0 26.0 26.0 53.0 56.0 8.0 86.0 32.0 26.0 68.0 23.0 67.0 60.0 62.0 26.0 0.0 49.0 42.0 61.0 26.0 55.0 27.0 24.0 36.0 36.0 47.0 13.0 50.0 26.0 49.0 0.0 59.0 44.0 24.0 111.0 33.0 47.0 92.0 28.0 98.0 71.0 96.0 53.0 42.0 59.0 0.0 38.0 47.0 97.0 31.0 49.0 79.0 39.0 91.0 52.0 93.0 56.0 61.0 44.0 38.0 0.0 49.0 66.0 19.0 0.0 47.0 20.0 51.0 35.0 50.0 8.0 26.0 24.0 47.0 49.0 0.0 
11 11 
4 97 48 32 50 50 15 81 59 33 27 95 16 54 36 97 51 57 75 49 27 48 70 8 33 5 50 50 