2 10 1 2 3 96 125 192 250 5 10
18 16 20 10 
0 2 5 4 4 0 1 0 0 5 0 4 4 0 1 1 4 0 1 4 
1 1 1 1 1 1 1 1 1 0 
1 1 1 1 1 1 1 1 1 1 1 1 1 1 1 1 1 1 1 1 1 1 1 1 1 1 1 1 1 1 1 1 1 1 1 1 1 1 1 1 1 1 1 1 1 1 1 1 1 1 
0 0 2 5 4 5 4 5 4 4 0 0 5 5 0 0 0 0 4 5 0 0 2 3 5 5 0 0 2 5 4 5 1 3 0 0 4 5 1 4 
4 5 
0.0 37.0 50.0 32.0 46.0 56.0 57.0 45.0 35.0 58.0 41.0 43.0 35.0 50.0 37.0 0.0 14.0 36.0 10.0 37.0 41.0 22.0 38.0 22.0 35.0 8.0 4.0 14.0 50.0 14.0 0.0 47.0 4.0 41.0 45.0 21.0 45.0 12.0 45.0 10.0 15.0 0.0 32.0 36.0 47.0 0.0 43.0 29.0 28.0 55.0 60.0 50.0 11.0 38.0 37.0 47.0 46.0 10.0 4.0 43.0 0.0 39.0 43.0 20.0 43.0 14.0 42.0 6.0 12.0 4.0 56.0 37.0 41.0 29.0 39.0 0.0 5.0 58.0 73.0 37.0 19.0 34.0 40.0 41.0 57.0 41.0 45.0 28.0 43.0 5.0 0.0 62.0 76.0 42.0 18.0 38.0 44.0 45.0 45.0 22.0 21.0 55.0 20.0 58.0 62.0 0.0 27.0 31.0 56.0 25.0 19.0 21.0 35.0 38.0 45.0 60.0 43.0 73.0 76.0 27.0 0.0 56.0 65.0 44.0 35.0 45.0 58.0 22.0 12.0 50.0 14.0 37.0 42.0 31.0 56.0 0.0 45.0 16.0 25.0 12.0 41.0 35.0 45.0 11.0 42.0 19.0 18.0 56.0 65.0 45.0 0.0 36.0 37.0 45.0 43.0 8.0 10.0 38.0 6.0 34.0 38.0 25.0 44.0 16.0 36.0 0.0 10.0 10.0 35.0 4.0 15.0 37.0 12.0 40.0 44.0 19.0 35.0 25.0 37.0 10.0 0.0 15.0 50.0 14.0 0.0 47.0 4.0 41.0 45.0 21.0 45.0 12.0 45.0 10.0 15.0 0.0 
11 13 
80 11 60 41 50 50 95 39 53 48 87 66 92 66 41 32 46 6 51 61 94 49 59 48 59 38 50 50 