2 10 1 2 3 67 125 133 250 5 10
10 13 9 12 
0 4 0 4 0 2 3 0 3 0 0 1 0 4 4 0 0 2 3 0 
0 1 1 1 0 1 0 0 0 1 
1 1 1 1 1 1 1 1 1 1 1 1 1 1 1 1 1 1 1 1 1 1 1 1 1 1 1 1 1 1 1 1 1 1 1 1 1 1 1 1 1 1 1 1 1 1 1 1 1 1 
0 0 4 5 0 0 5 5 0 0 3 5 5 5 0 0 3 5 0 0 0 0 5 5 0 0 2 4 5 5 0 0 0 0 1 5 1 3 0 0 
4 1 
0.0 81.0 49.0 41.0 54.0 31.0 101.0 81.0 73.0 23.0 74.0 58.0 82.0 49.0 81.0 0.0 35.0 41.0 38.0 69.0 21.0 30.0 23.0 77.0 22.0 74.0 47.0 35.0 49.0 35.0 0.0 10.0 12.0 34.0 53.0 34.0 36.0 51.0 37.0 64.0 42.0 0.0 41.0 41.0 10.0 0.0 20.0 32.0 61.0 43.0 37.0 41.0 38.0 56.0 51.0 10.0 54.0 38.0 12.0 20.0 0.0 32.0 54.0 28.0 45.0 59.0 45.0 75.0 32.0 12.0 31.0 69.0 34.0 32.0 32.0 0.0 85.0 58.0 69.0 48.0 69.0 76.0 56.0 34.0 101.0 21.0 53.0 61.0 54.0 85.0 0.0 34.0 41.0 98.0 40.0 94.0 50.0 53.0 81.0 30.0 34.0 43.0 28.0 58.0 34.0 0.0 48.0 84.0 48.0 93.0 17.0 34.0 73.0 23.0 36.0 37.0 45.0 69.0 41.0 48.0 0.0 62.0 1.0 54.0 64.0 36.0 23.0 77.0 51.0 41.0 59.0 48.0 98.0 84.0 62.0 0.0 63.0 35.0 90.0 51.0 74.0 22.0 37.0 38.0 45.0 69.0 40.0 48.0 1.0 63.0 0.0 55.0 64.0 37.0 58.0 74.0 64.0 56.0 75.0 76.0 94.0 93.0 54.0 35.0 55.0 0.0 104.0 64.0 82.0 47.0 42.0 51.0 32.0 56.0 50.0 17.0 64.0 90.0 64.0 104.0 0.0 42.0 49.0 35.0 0.0 10.0 12.0 34.0 53.0 34.0 36.0 51.0 37.0 64.0 42.0 0.0 
15 8 
42 2 70 78 50 50 53 41 40 55 25 27 70 99 41 82 84 61 65 2 84 62 99 10 24 82 50 50 